Evaluation

batch_size=10
bert=False
bert_frozen=True
char_cnn_filter_num=30
char_embeddings_dim=25
char_window_size=3
check_for_lowercase=True
clip_grad=5
cross_fold_id=-1
cross_folds_num=-1
data_io='connl-ner-2003'
dataset_sort=False
dev='data/targer/targer_dev.txt'
dropout_ratio=0.5
elmo=False
elmo_options_fn='embeddings/elmo_2x4096_512_2048cnn_2xhighway_5.5B_options.json'
elmo_weights_fn='/home/vika/targer/embeddings/elmo_2x4096_512_2048cnn_2xhighway_5.5B_weights.hdf5'
emb_delimiter=' '
emb_dim=100
emb_fn='embeddings/glove.6B.100d.txt'
emb_load_all=False
embedding_dim=1024
epoch_num=1000
evaluator='f1-macro'
freeze_char_embeddings=False
freeze_word_embeddings=False
gpu=3
load=None
logname='targer-xlnet-base-capri-patence=100-rnn-hidden-dim=100-epochs=1000-lr_bert0.0005.log'
lr=0.005
lr_bert=0.0005
lr_decay=0.05
min_epoch_num=50
model='BiRNN'
momentum=0.9
opt='adam'
path_to_bert='xlnet-large-cased'
patience=100
report_fn='targer-xlnet-base-capri-patence=100-rnn-hidden-dim=100-epochs=1000-lr_bert0.0005.txt'
rnn_hidden_dim=100
rnn_type='LSTM'
save='targer-xlnet-base-capri-patence=100-rnn-hidden-dim=100-epochs=1000-lr_bert0.0005.hdf5'
save_best=True
seed_num=42
special_bert=True
splitter=' '
test='data/targer/targer_test.txt'
train='data/targer/targer_train.txt'
verbose=True
word_len=20
word_seq_indexer=None
xlnet=True

         epoch  |     train loss | f1-macro-train |   f1-macro-dev |  f1-macro-test 
--------------------------------------------------------------------------------------
              0 |         120.47 |          45.95 |          45.16 |          47.40 
              1 |         110.38 |          35.91 |          34.94 |          36.18 
              2 |         112.88 |          49.17 |          47.99 |          50.32 
              3 |         110.95 |          50.14 |          48.68 |          51.29 
              4 |         103.12 |          48.47 |          47.62 |          49.35 
              5 |         108.94 |          49.09 |          48.13 |          49.25 
              6 |         104.64 |          49.83 |          48.39 |          49.48 
              7 |          98.51 |          47.34 |          44.06 |          46.48 
              8 |         102.75 |          51.58 |          49.73 |          51.60 
              9 |         102.37 |          49.20 |          47.34 |          50.26 
             10 |          98.00 |          54.05 |          52.63 |          55.50 
             11 |          96.27 |          43.37 |          42.94 |          45.92 
             12 |          95.22 |          54.80 |          52.68 |          55.52 
             13 |          98.77 |          53.27 |          51.66 |          53.62 
             14 |          95.26 |          52.85 |          51.77 |          53.60 
             15 |          91.49 |          55.78 |          53.32 |          57.05 
             16 |          92.86 |          57.14 |          54.54 |          57.68 
             17 |         100.33 |          55.10 |          53.25 |          55.82 
             18 |          96.26 |          54.44 |          50.65 |          53.92 
             19 |         100.24 |          58.23 |          55.21 |          58.83 
             20 |          98.14 |          55.93 |          53.83 |          57.29 
             21 |          92.08 |          58.09 |          56.40 |          58.83 
             22 |          95.20 |          58.58 |          55.39 |          58.07 
             23 |          98.01 |          57.83 |          54.87 |          58.23 
             24 |          96.73 |          59.63 |          57.97 |          61.71 
             25 |          94.79 |          60.47 |          57.99 |          61.19 
             26 |          93.50 |          59.60 |          56.93 |          60.16 
             27 |          93.97 |          59.68 |          57.34 |          59.99 
             28 |          93.74 |          60.88 |          57.90 |          61.91 
             29 |          91.02 |          60.87 |          58.30 |          62.20 
             30 |          95.93 |          61.68 |          59.05 |          63.45 
             31 |          95.91 |          63.45 |          60.64 |          63.81 
             32 |          91.08 |          61.69 |          58.36 |          62.28 
             33 |         100.69 |          62.06 |          60.04 |          63.44 
             34 |          92.25 |          64.06 |          61.38 |          65.77 
             35 |          90.40 |          61.08 |          59.03 |          62.27 
             36 |          93.85 |          61.07 |          58.50 |          62.49 
             37 |          93.27 |          63.70 |          59.99 |          62.83 
             38 |          91.80 |          62.30 |          59.07 |          62.86 
             39 |          87.61 |          60.69 |          58.29 |          62.01 
             40 |          93.87 |          62.66 |          59.70 |          63.19 
             41 |          93.04 |          64.76 |          61.06 |          64.91 
             42 |          86.56 |          65.03 |          61.82 |          65.27 
             43 |          89.46 |          64.74 |          61.18 |          65.64 
             44 |          86.17 |          62.63 |          59.08 |          62.38 
             45 |          94.74 |          62.58 |          59.86 |          62.57 
             46 |          90.52 |          61.96 |          60.00 |          62.65 
             47 |          88.11 |          60.58 |          57.99 |          60.93 
             48 |          90.43 |          64.10 |          60.69 |          63.85 
             49 |          92.55 |          60.98 |          57.54 |          61.60 
             50 |          86.35 |          61.35 |          58.52 |          61.54 
             51 |          88.67 |          65.69 |          62.23 |          65.63 
             52 |          84.42 |          65.18 |          62.09 |          65.41 
             53 |          85.01 |          62.59 |          58.99 |          62.32 
             54 |          85.61 |          61.75 |          59.54 |          62.74 
             55 |          89.64 |          63.31 |          59.38 |          63.02 
             56 |          90.48 |          66.54 |          62.28 |          65.99 
             57 |          87.37 |          64.64 |          60.38 |          64.02 
             58 |          85.73 |          63.92 |          60.01 |          63.85 
             59 |          89.27 |          65.95 |          60.70 |          64.58 
             60 |          86.02 |          66.57 |          61.69 |          65.46 
             61 |          83.81 |          66.15 |          61.24 |          65.36 
             62 |          88.93 |          65.62 |          61.34 |          65.82 
             63 |          82.81 |          65.62 |          60.28 |          64.87 
             64 |          81.45 |          66.71 |          62.35 |          66.18 
             65 |          82.96 |          65.36 |          60.86 |          64.56 
             66 |          82.14 |          65.34 |          61.25 |          64.58 
             67 |          84.77 |          63.97 |          60.21 |          63.61 
             68 |          88.99 |          66.89 |          62.59 |          65.72 
             69 |          84.83 |          66.91 |          62.61 |          65.80 
             70 |          86.46 |          63.61 |          59.72 |          63.12 
             71 |          87.86 |          65.54 |          61.36 |          64.47 
             72 |          82.60 |          65.57 |          61.58 |          64.66 
             73 |          89.36 |          65.41 |          61.72 |          64.53 
             74 |          86.23 |          66.70 |          61.82 |          65.71 
             75 |          82.96 |          67.46 |          63.22 |          66.22 
             76 |          82.81 |          66.40 |          62.53 |          65.77 
             77 |          82.82 |          65.96 |          61.00 |          65.86 
             78 |          84.47 |          66.41 |          62.24 |          66.33 
             79 |          81.22 |          65.71 |          61.77 |          65.66 
             80 |          87.49 |          66.30 |          61.88 |          65.02 
             81 |          82.45 |          67.78 |          62.17 |          66.24 
             82 |          86.36 |          67.27 |          62.70 |          66.19 
             83 |          77.86 |          66.62 |          62.00 |          66.29 
             84 |          83.27 |          66.65 |          61.98 |          65.91 
             85 |          81.62 |          65.97 |          61.16 |          65.15 
             86 |          92.61 |          67.33 |          61.97 |          65.69 
             87 |          86.38 |          67.88 |          62.69 |          66.22 
             88 |          78.71 |          65.81 |          61.43 |          65.19 
             89 |          89.73 |          68.53 |          62.89 |          66.20 
             90 |          83.14 |          66.52 |          61.36 |          65.55 
             91 |          86.09 |          67.58 |          62.54 |          66.40 
             92 |          89.34 |          66.17 |          61.14 |          65.94 
             93 |          76.70 |          67.55 |          62.10 |          66.59 
             94 |          84.91 |          65.18 |          60.87 |          65.40 
             95 |          78.06 |          66.86 |          61.70 |          66.37 
             96 |          85.94 |          66.99 |          61.59 |          65.94 
             97 |          78.26 |          65.21 |          60.79 |          64.39 
             98 |          81.56 |          69.04 |          63.29 |          67.80 
             99 |          82.29 |          66.54 |          61.39 |          65.57 
            100 |          84.02 |          67.64 |          62.31 |          65.83 
            101 |          79.09 |          68.44 |          63.43 |          67.32 
            102 |          80.97 |          65.66 |          61.26 |          65.47 
            103 |          83.01 |          66.52 |          62.09 |          65.78 
            104 |          83.20 |          66.46 |          61.93 |          66.11 
            105 |          81.00 |          68.15 |          62.94 |          66.88 
            106 |          83.36 |          68.26 |          63.43 |          66.64 
            107 |          74.30 |          66.78 |          62.58 |          65.79 
            108 |          79.76 |          67.25 |          62.21 |          66.62 
            109 |          83.74 |          67.88 |          62.54 |          66.89 
            110 |          83.98 |          67.16 |          61.15 |          66.18 
            111 |          80.38 |          67.50 |          61.73 |          65.93 
            112 |          80.25 |          66.47 |          61.51 |          65.38 
            113 |          86.61 |          68.21 |          62.85 |          66.99 
            114 |          85.70 |          67.40 |          62.48 |          66.03 
            115 |          83.85 |          68.75 |          63.03 |          66.96 
            116 |          80.20 |          67.65 |          62.05 |          65.66 
            117 |          76.00 |          67.31 |          62.34 |          66.55 
            118 |          84.83 |          66.66 |          62.06 |          65.82 
            119 |          83.86 |          68.54 |          62.88 |          67.62 
            120 |          75.40 |          67.21 |          62.36 |          66.30 
            121 |          82.03 |          68.51 |          62.38 |          66.18 
            122 |          83.53 |          66.88 |          62.04 |          65.48 
            123 |          74.73 |          68.30 |          62.83 |          67.45 
            124 |          78.02 |          67.54 |          61.31 |          65.68 
            125 |          78.14 |          69.47 |          63.53 |          67.76 
            126 |          75.93 |          70.38 |          64.28 |          68.46 
            127 |          85.95 |          67.77 |          62.47 |          66.31 
            128 |          78.12 |          68.66 |          61.86 |          65.25 
            129 |          75.58 |          68.43 |          62.29 |          66.86 
            130 |          82.12 |          69.59 |          62.91 |          66.53 
            131 |          84.22 |          69.60 |          63.14 |          66.93 
            132 |          81.02 |          70.42 |          63.77 |          68.33 
            133 |          79.49 |          69.57 |          62.94 |          67.28 
            134 |          76.25 |          68.75 |          62.37 |          67.02 
            135 |          86.51 |          69.37 |          63.22 |          67.31 
            136 |          75.86 |          69.93 |          63.21 |          67.62 
            137 |          87.24 |          70.31 |          63.53 |          68.58 
            138 |          79.90 |          69.72 |          62.94 |          67.42 
            139 |          85.65 |          69.77 |          63.36 |          67.61 
            140 |          74.31 |          68.80 |          62.71 |          67.31 
            141 |          72.83 |          69.07 |          62.57 |          67.38 
            142 |          80.39 |          69.40 |          63.35 |          67.01 
            143 |          79.60 |          69.90 |          64.03 |          67.86 
            144 |          76.08 |          70.33 |          63.86 |          67.98 
            145 |          73.76 |          68.50 |          62.85 |          66.62 
            146 |          78.29 |          69.99 |          63.49 |          67.05 
            147 |          76.44 |          68.76 |          63.69 |          67.07 
            148 |          74.76 |          68.82 |          63.08 |          67.41 
            149 |          75.39 |          69.18 |          63.33 |          67.95 
            150 |          77.85 |          68.30 |          62.09 |          66.67 
            151 |          76.98 |          69.65 |          63.57 |          68.55 
            152 |          77.59 |          69.48 |          62.53 |          67.32 
            153 |          71.51 |          70.04 |          62.81 |          68.03 
            154 |          76.18 |          69.37 |          62.74 |          67.25 
            155 |          78.89 |          69.42 |          63.02 |          66.70 
            156 |          75.96 |          69.51 |          62.90 |          67.19 
            157 |          81.53 |          70.45 |          63.18 |          67.76 
            158 |          72.06 |          69.99 |          63.26 |          67.55 
            159 |          76.27 |          68.78 |          62.57 |          66.83 
            160 |          73.11 |          71.23 |          64.15 |          67.96 
            161 |          75.73 |          69.59 |          62.17 |          66.39 
            162 |          85.24 |          69.77 |          62.47 |          66.60 
            163 |          76.61 |          70.31 |          63.48 |          67.70 
            164 |          80.90 |          69.94 |          62.52 |          67.09 
            165 |          70.33 |          69.22 |          62.66 |          66.66 
            166 |          78.43 |          69.37 |          62.59 |          66.28 
            167 |          78.51 |          70.08 |          63.84 |          67.90 
            168 |          81.17 |          70.62 |          64.07 |          68.03 
            169 |          77.82 |          69.22 |          63.04 |          67.34 
            170 |          73.55 |          69.12 |          63.09 |          67.65 
            171 |          81.12 |          70.35 |          64.08 |          67.96 
            172 |          81.72 |          70.48 |          64.33 |          67.59 
            173 |          76.04 |          69.81 |          63.36 |          67.18 
            174 |          81.49 |          70.42 |          63.19 |          67.14 
            175 |          74.35 |          67.82 |          62.52 |          65.56 
            176 |          77.77 |          69.82 |          62.96 |          66.64 
            177 |          77.97 |          68.78 |          62.40 |          65.94 
            178 |          83.79 |          68.79 |          62.57 |          66.09 
            179 |          78.23 |          70.33 |          63.55 |          67.48 
            180 |          76.55 |          69.71 |          63.32 |          67.14 
            181 |          76.34 |          70.13 |          63.60 |          67.57 
            182 |          76.47 |          69.04 |          63.20 |          66.66 
            183 |          77.29 |          69.60 |          63.77 |          67.01 
            184 |          71.11 |          71.03 |          64.48 |          68.20 
            185 |          74.97 |          71.04 |          64.56 |          68.23 
            186 |          77.82 |          69.88 |          63.03 |          66.87 
            187 |          74.83 |          70.45 |          63.88 |          67.27 
            188 |          71.91 |          70.77 |          63.65 |          67.81 
            189 |          77.32 |          70.93 |          64.14 |          68.01 
            190 |          74.43 |          70.44 |          63.13 |          67.40 
            191 |          75.26 |          70.32 |          63.21 |          67.31 
            192 |          74.20 |          69.98 |          63.08 |          67.06 
            193 |          71.76 |          69.90 |          63.20 |          67.05 
            194 |          74.10 |          69.91 |          63.74 |          67.22 
            195 |          75.94 |          71.46 |          64.68 |          68.63 
            196 |          85.89 |          72.11 |          65.77 |          68.55 
            197 |          79.74 |          71.74 |          64.80 |          68.75 
            198 |          77.54 |          72.09 |          64.98 |          68.96 
            199 |          77.04 |          71.54 |          64.65 |          68.68 
            200 |          73.28 |          70.50 |          63.05 |          67.49 
            201 |          74.37 |          70.09 |          62.77 |          67.31 
            202 |          79.65 |          70.45 |          64.07 |          67.82 
            203 |          75.51 |          72.16 |          64.64 |          68.78 
            204 |          79.12 |          71.60 |          64.57 |          68.35 
            205 |          76.95 |          69.81 |          63.10 |          67.37 
            206 |          70.23 |          70.98 |          62.94 |          67.59 
            207 |          73.07 |          70.10 |          63.43 |          67.18 
            208 |          66.56 |          70.19 |          63.74 |          67.35 
            209 |          76.16 |          71.70 |          63.76 |          69.34 
            210 |          74.54 |          71.16 |          63.47 |          68.33 
            211 |          75.92 |          72.10 |          64.18 |          68.95 
            212 |          79.44 |          72.01 |          65.02 |          70.01 
            213 |          71.34 |          70.77 |          63.90 |          68.45 
            214 |          76.30 |          71.71 |          64.57 |          69.18 
            215 |          73.21 |          70.73 |          63.28 |          67.27 
            216 |          74.95 |          71.02 |          63.96 |          68.08 
            217 |          69.16 |          70.71 |          63.67 |          67.69 
            218 |          73.92 |          70.92 |          63.83 |          67.43 
            219 |          80.60 |          70.99 |          63.84 |          67.52 
            220 |          80.76 |          71.30 |          64.89 |          68.35 
            221 |          73.96 |          71.72 |          64.72 |          68.83 
            222 |          72.54 |          70.16 |          63.15 |          66.49 
            223 |          75.90 |          71.55 |          64.53 |          68.70 
            224 |          71.94 |          71.28 |          64.24 |          68.44 
            225 |          73.47 |          70.47 |          63.81 |          67.34 
            226 |          74.15 |          70.75 |          63.84 |          67.49 
            227 |          71.91 |          71.69 |          64.55 |          68.39 
            228 |          78.65 |          72.20 |          65.16 |          68.95 
            229 |          72.95 |          72.42 |          65.35 |          69.14 
            230 |          77.05 |          71.78 |          64.81 |          68.12 
            231 |          71.53 |          70.63 |          64.29 |          66.80 
            232 |          74.80 |          71.37 |          64.66 |          68.91 
            233 |          74.37 |          71.96 |          65.09 |          68.72 
            234 |          77.13 |          71.69 |          64.86 |          68.91 
            235 |          70.79 |          71.47 |          64.55 |          68.51 
            236 |          65.69 |          70.86 |          63.78 |          67.63 
            237 |          73.01 |          71.91 |          64.96 |          68.75 
            238 |          70.48 |          71.85 |          64.72 |          68.13 
            239 |          72.55 |          71.89 |          63.83 |          68.69 
            240 |          76.60 |          72.01 |          64.65 |          68.75 
            241 |          74.00 |          72.39 |          64.85 |          68.93 
            242 |          74.73 |          71.55 |          64.39 |          68.13 
            243 |          78.99 |          70.94 |          64.00 |          67.89 
            244 |          79.48 |          72.44 |          65.32 |          69.26 
            245 |          70.80 |          72.00 |          65.17 |          69.68 
            246 |          73.60 |          72.32 |          65.65 |          69.36 
            247 |          77.73 |          71.78 |          64.67 |          69.21 
            248 |          65.90 |          72.35 |          64.66 |          68.44 
            249 |          78.04 |          72.70 |          65.35 |          69.23 
            250 |          77.14 |          70.66 |          63.54 |          67.56 
            251 |          72.43 |          72.19 |          64.63 |          68.41 
            252 |          71.28 |          71.30 |          64.40 |          67.99 
            253 |          72.45 |          71.57 |          64.55 |          68.48 
            254 |          77.49 |          72.53 |          64.99 |          68.48 
            255 |          72.51 |          72.60 |          65.09 |          69.36 
            256 |          78.16 |          71.87 |          64.33 |          68.52 
            257 |          71.65 |          72.46 |          64.93 |          68.68 
            258 |          78.47 |          72.46 |          64.23 |          68.70 
            259 |          76.34 |          71.66 |          64.34 |          68.61 
            260 |          75.22 |          71.38 |          63.96 |          68.10 
            261 |          77.08 |          71.01 |          63.49 |          67.85 
            262 |          70.41 |          72.21 |          64.96 |          68.56 
            263 |          72.25 |          71.71 |          64.23 |          67.85 
            264 |          78.24 |          71.74 |          64.59 |          67.99 
            265 |          70.48 |          71.77 |          64.69 |          68.47 
            266 |          72.41 |          70.56 |          63.41 |          67.28 
            267 |          65.09 |          71.64 |          64.17 |          68.62 
            268 |          72.02 |          71.79 |          64.06 |          67.70 
            269 |          78.87 |          72.60 |          64.84 |          68.95 
            270 |          71.32 |          70.50 |          62.89 |          67.16 
            271 |          67.47 |          71.76 |          63.90 |          68.27 
            272 |          68.22 |          72.13 |          64.39 |          68.10 
            273 |          65.37 |          72.11 |          64.43 |          67.91 
            274 |          70.13 |          71.29 |          63.93 |          67.53 
            275 |          72.48 |          72.45 |          64.90 |          68.73 
            276 |          69.64 |          72.22 |          64.67 |          68.54 
            277 |          75.10 |          72.68 |          65.02 |          68.84 
            278 |          68.61 |          71.89 |          64.49 |          68.43 
            279 |          79.78 |          73.27 |          65.65 |          69.18 
            280 |          69.81 |          72.43 |          65.36 |          69.18 
            281 |          73.42 |          72.24 |          64.54 |          69.09 
            282 |          72.10 |          72.21 |          64.98 |          68.98 
            283 |          71.72 |          72.92 |          65.57 |          69.56 
            284 |          75.71 |          72.34 |          64.74 |          69.29 
            285 |          74.19 |          72.56 |          64.28 |          68.58 
            286 |          73.19 |          72.18 |          64.31 |          68.46 
            287 |          77.61 |          72.90 |          64.50 |          69.28 
            288 |          75.91 |          73.56 |          65.85 |          69.71 
            289 |          66.71 |          71.89 |          64.08 |          68.58 
            290 |          64.28 |          71.54 |          63.81 |          67.93 
            291 |          77.52 |          72.23 |          64.34 |          68.86 
            292 |          68.97 |          71.90 |          64.21 |          68.24 
            293 |          71.45 |          72.95 |          64.65 |          68.84 
            294 |          70.02 |          72.83 |          65.12 |          68.98 
            295 |          74.78 |          72.54 |          64.81 |          68.63 
            296 |          67.49 |          72.64 |          64.91 |          68.60 
            297 |          68.85 |          73.73 |          66.02 |          70.30 
            298 |          72.03 |          72.72 |          64.77 |          69.19 
            299 |          72.57 |          72.37 |          64.94 |          68.58 
            300 |          70.52 |          72.36 |          64.30 |          68.51 
            301 |          71.00 |          73.03 |          64.86 |          69.47 
            302 |          75.01 |          73.50 |          65.89 |          69.73 
            303 |          76.18 |          73.28 |          65.13 |          69.57 
            304 |          69.42 |          73.43 |          65.11 |          69.71 
            305 |          70.89 |          73.60 |          65.06 |          69.38 
            306 |          71.70 |          73.27 |          64.83 |          68.95 
            307 |          69.25 |          73.25 |          64.90 |          69.21 
            308 |          66.68 |          73.53 |          64.85 |          69.33 
            309 |          68.57 |          72.04 |          64.64 |          68.17 
            310 |          78.96 |          72.72 |          64.73 |          68.71 
            311 |          69.52 |          72.81 |          64.92 |          69.07 
            312 |          71.26 |          73.12 |          64.80 |          68.80 
            313 |          74.13 |          73.51 |          65.25 |          69.09 
            314 |          69.49 |          72.43 |          63.63 |          67.84 
            315 |          69.12 |          73.62 |          64.95 |          68.94 
            316 |          70.11 |          73.92 |          64.70 |          68.69 
            317 |          77.60 |          74.35 |          65.73 |          69.83 
            318 |          67.89 |          73.00 |          64.30 |          68.45 
            319 |          75.64 |          73.11 |          64.90 |          69.53 
            320 |          70.45 |          72.47 |          64.48 |          68.63 
            321 |          72.74 |          72.16 |          64.75 |          68.73 
            322 |          72.79 |          73.49 |          65.46 |          69.19 
            323 |          73.67 |          73.78 |          65.53 |          70.01 
            324 |          71.12 |          73.64 |          65.11 |          69.70 
            325 |          73.73 |          73.92 |          65.13 |          69.72 
            326 |          73.59 |          73.78 |          65.27 |          70.26 
            327 |          77.17 |          72.56 |          63.56 |          67.91 
            328 |          76.47 |          73.37 |          65.07 |          69.78 
            329 |          68.29 |          73.38 |          65.01 |          69.52 
            330 |          72.19 |          73.65 |          65.65 |          70.02 
            331 |          74.80 |          73.78 |          65.82 |          69.64 
            332 |          76.14 |          73.67 |          65.32 |          69.51 
            333 |          76.81 |          73.62 |          65.77 |          70.01 
            334 |          72.08 |          72.01 |          64.68 |          67.82 
            335 |          67.99 |          73.11 |          65.65 |          69.44 
            336 |          71.29 |          72.94 |          65.00 |          68.71 
            337 |          64.18 |          72.17 |          64.43 |          68.09 
            338 |          74.04 |          73.13 |          65.30 |          68.90 
            339 |          76.57 |          73.05 |          65.35 |          69.00 
            340 |          78.84 |          73.87 |          66.23 |          69.96 
            341 |          63.56 |          72.75 |          64.80 |          68.64 
            342 |          74.45 |          73.85 |          65.90 |          69.90 
            343 |          68.49 |          73.15 |          65.33 |          69.35 
            344 |          69.72 |          73.51 |          65.66 |          70.22 
            345 |          76.33 |          73.56 |          65.93 |          70.17 
            346 |          66.71 |          73.21 |          65.75 |          70.39 
            347 |          74.41 |          73.61 |          65.96 |          70.53 
            348 |          68.26 |          73.03 |          64.89 |          70.18 
            349 |          70.24 |          73.49 |          65.73 |          69.58 
            350 |          77.21 |          73.99 |          66.34 |          70.24 
            351 |          75.82 |          73.65 |          64.97 |          69.66 
            352 |          69.40 |          73.32 |          65.44 |          69.21 
            353 |          71.01 |          73.76 |          65.58 |          69.51 
            354 |          66.82 |          73.22 |          65.38 |          69.36 
            355 |          72.88 |          73.54 |          65.59 |          70.29 
            356 |          71.89 |          74.22 |          65.89 |          70.19 
            357 |          78.54 |          74.07 |          66.00 |          69.92 
            358 |          75.66 |          74.34 |          65.88 |          69.60 
            359 |          75.05 |          74.45 |          66.09 |          69.66 
            360 |          70.48 |          72.61 |          64.09 |          68.72 
            361 |          73.14 |          73.56 |          65.22 |          69.90 
            362 |          67.96 |          73.00 |          65.07 |          69.28 
            363 |          68.10 |          74.23 |          65.68 |          69.80 
            364 |          70.23 |          73.17 |          65.09 |          69.85 
            365 |          79.09 |          74.82 |          66.06 |          70.05 
            366 |          72.18 |          73.73 |          64.93 |          69.46 
            367 |          73.39 |          73.53 |          65.04 |          69.28 
            368 |          69.63 |          73.94 |          65.71 |          69.42 
            369 |          61.01 |          73.64 |          65.59 |          69.35 
            370 |          70.87 |          73.80 |          65.71 |          69.73 
            371 |          72.47 |          73.36 |          65.19 |          69.38 
            372 |          75.04 |          74.67 |          66.06 |          70.41 
            373 |          68.49 |          73.46 |          64.68 |          68.72 
            374 |          70.19 |          74.03 |          65.43 |          69.59 
            375 |          70.65 |          74.51 |          65.91 |          69.78 
            376 |          70.10 |          73.46 |          65.03 |          69.10 
            377 |          70.70 |          74.83 |          65.28 |          69.59 
            378 |          72.96 |          74.49 |          65.53 |          69.91 
            379 |          70.63 |          73.63 |          64.79 |          69.88 
            380 |          71.47 |          73.48 |          65.23 |          69.81 
            381 |          71.93 |          74.17 |          65.50 |          69.73 
            382 |          76.05 |          74.28 |          65.60 |          69.94 
            383 |          73.32 |          74.13 |          65.36 |          69.66 
            384 |          73.46 |          74.26 |          65.51 |          69.65 
            385 |          72.35 |          73.88 |          64.77 |          69.55 
            386 |          68.80 |          74.24 |          65.11 |          69.73 
            387 |          68.10 |          73.52 |          65.12 |          69.26 
            388 |          74.62 |          73.23 |          64.76 |          69.17 
            389 |          70.61 |          74.24 |          65.55 |          69.95 
            390 |          66.84 |          74.62 |          65.65 |          70.20 
            391 |          66.89 |          74.13 |          65.32 |          69.75 
            392 |          67.31 |          73.81 |          65.33 |          69.85 
            393 |          71.31 |          75.29 |          65.54 |          70.48 
            394 |          67.43 |          73.74 |          64.92 |          69.96 
            395 |          74.53 |          74.55 |          65.12 |          70.41 
            396 |          73.90 |          74.48 |          65.61 |          70.28 
            397 |          68.18 |          74.63 |          65.45 |          70.23 
            398 |          67.64 |          74.36 |          65.55 |          70.06 
            399 |          70.04 |          74.63 |          65.75 |          70.25 
            400 |          70.84 |          74.59 |          65.99 |          70.01 
            401 |          69.76 |          75.42 |          66.26 |          70.60 
            402 |          67.80 |          74.21 |          66.15 |          69.75 
            403 |          70.16 |          75.03 |          66.13 |          70.74 
            404 |          74.08 |          74.11 |          65.23 |          70.34 
            405 |          70.07 |          74.06 |          65.25 |          70.00 
            406 |          73.28 |          75.07 |          65.95 |          70.76 
            407 |          70.70 |          73.55 |          65.35 |          69.45 
            408 |          73.61 |          74.69 |          65.17 |          70.65 
            409 |          73.36 |          75.49 |          65.97 |          70.92 
            410 |          70.36 |          75.22 |          65.88 |          70.52 
            411 |          68.83 |          74.84 |          65.79 |          69.68 
            412 |          69.17 |          74.04 |          65.63 |          69.91 
            413 |          62.90 |          74.37 |          65.49 |          69.73 
            414 |          63.71 |          73.02 |          65.16 |          68.74 
            415 |          70.57 |          73.48 |          65.37 |          69.29 
            416 |          71.86 |          74.23 |          65.73 |          69.78 
            417 |          72.49 |          74.26 |          65.77 |          69.76 
            418 |          73.90 |          74.57 |          66.23 |          70.21 
            419 |          66.64 |          74.84 |          65.85 |          70.11 
            420 |          64.67 |          74.95 |          66.05 |          70.25 
            421 |          69.71 |          74.81 |          66.17 |          70.18 
            422 |          69.99 |          74.82 |          66.17 |          70.01 
            423 |          73.05 |          75.85 |          67.15 |          70.79 
            424 |          73.34 |          75.41 |          65.83 |          70.47 
            425 |          67.81 |          74.16 |          65.36 |          69.74 
            426 |          65.46 |          74.65 |          65.29 |          69.87 
            427 |          70.13 |          73.96 |          64.90 |          68.83 
            428 |          71.12 |          74.54 |          64.99 |          69.46 
            429 |          68.91 |          74.61 |          65.28 |          70.25 
            430 |          70.46 |          73.87 |          64.80 |          68.75 
            431 |          70.81 |          74.56 |          65.66 |          69.28 
            432 |          66.97 |          75.72 |          66.86 |          70.22 
            433 |          66.88 |          75.63 |          66.42 |          70.06 
            434 |          68.30 |          75.37 |          66.15 |          70.44 
            435 |          68.88 |          75.66 |          66.45 |          70.50 
            436 |          63.64 |          74.85 |          65.90 |          70.67 
            437 |          72.35 |          75.55 |          66.41 |          70.38 
            438 |          68.08 |          75.32 |          66.08 |          70.57 
            439 |          74.41 |          75.51 |          65.98 |          70.75 
            440 |          67.60 |          75.46 |          66.42 |          70.48 
            441 |          71.59 |          75.24 |          65.78 |          70.11 
            442 |          75.37 |          75.29 |          66.11 |          70.37 
            443 |          70.24 |          75.45 |          65.85 |          69.97 
            444 |          70.88 |          75.37 |          66.17 |          70.35 
            445 |          78.26 |          75.52 |          66.07 |          70.49 
            446 |          70.20 |          76.24 |          66.32 |          70.83 
            447 |          77.39 |          75.26 |          65.81 |          70.66 
            448 |          66.93 |          75.28 |          66.04 |          70.54 
            449 |          71.85 |          75.79 |          66.18 |          70.62 
            450 |          74.10 |          74.47 |          65.64 |          69.76 
            451 |          64.46 |          73.97 |          64.91 |          69.86 
            452 |          66.36 |          74.59 |          65.55 |          69.80 
            453 |          70.18 |          75.79 |          66.38 |          70.59 
            454 |          74.98 |          75.43 |          66.06 |          70.59 
            455 |          74.83 |          75.27 |          65.80 |          70.02 
            456 |          65.89 |          75.71 |          66.26 |          70.68 
            457 |          67.61 |          75.15 |          66.03 |          70.29 
            458 |          70.64 |          75.02 |          66.01 |          70.94 
            459 |          67.61 |          75.48 |          66.45 |          70.65 
            460 |          69.26 |          74.97 |          66.11 |          70.66 
            461 |          66.63 |          74.97 |          66.15 |          70.77 
            462 |          69.10 |          74.74 |          66.18 |          70.36 
            463 |          66.58 |          75.17 |          66.50 |          70.17 
            464 |          70.46 |          75.08 |          66.41 |          70.20 
            465 |          69.91 |          75.80 |          66.36 |          70.76 
            466 |          73.71 |          75.00 |          65.62 |          70.44 
            467 |          67.42 |          75.43 |          66.10 |          70.52 
            468 |          69.97 |          75.48 |          65.94 |          70.79 
            469 |          67.84 |          75.09 |          66.08 |          70.28 
            470 |          66.66 |          75.42 |          66.04 |          70.42 
            471 |          66.21 |          74.62 |          66.06 |          70.16 
            472 |          65.86 |          74.73 |          65.71 |          70.01 
            473 |          74.52 |          75.54 |          66.27 |          70.64 
            474 |          66.92 |          75.00 |          66.06 |          70.45 
            475 |          69.21 |          75.80 |          66.12 |          70.88 
            476 |          67.81 |          76.16 |          66.42 |          70.95 
            477 |          68.26 |          75.60 |          66.31 |          70.35 
            478 |          73.32 |          75.90 |          66.26 |          70.47 
            479 |          69.53 |          76.49 |          66.48 |          70.67 
            480 |          78.73 |          76.26 |          66.56 |          70.77 
            481 |          72.41 |          76.19 |          66.37 |          70.67 
            482 |          65.52 |          76.11 |          66.24 |          70.55 
            483 |          68.01 |          75.35 |          66.11 |          70.37 
            484 |          69.56 |          75.97 |          66.55 |          70.66 
            485 |          65.57 |          75.56 |          66.54 |          70.69 
            486 |          65.50 |          74.90 |          66.12 |          70.54 
            487 |          69.08 |          74.89 |          65.94 |          70.39 
            488 |          70.05 |          74.80 |          66.17 |          70.64 
            489 |          66.59 |          75.51 |          65.97 |          70.55 
            490 |          69.97 |          75.13 |          65.96 |          70.43 
            491 |          66.13 |          75.02 |          65.98 |          70.39 
            492 |          71.94 |          75.28 |          66.37 |          71.03 
            493 |          68.12 |          74.37 |          66.16 |          70.82 
            494 |          68.85 |          75.10 |          66.61 |          71.00 
            495 |          69.78 |          74.97 |          66.24 |          70.83 
            496 |          67.87 |          75.11 |          66.13 |          70.88 
            497 |          68.80 |          75.14 |          66.67 |          70.99 
            498 |          75.46 |          75.81 |          66.76 |          71.04 
            499 |          68.12 |          74.93 |          66.35 |          70.89 
            500 |          73.50 |          75.80 |          66.87 |          71.09 
            501 |          66.89 |          75.78 |          67.00 |          71.05 
            502 |          71.10 |          75.45 |          67.20 |          71.05 
            503 |          66.15 |          74.92 |          65.99 |          70.92 
            504 |          65.88 |          75.91 |          66.77 |          71.24 
            505 |          70.99 |          75.58 |          66.70 |          70.83 
            506 |          62.88 |          75.43 |          66.16 |          70.91 
            507 |          69.37 |          75.50 |          66.25 |          70.99 
            508 |          71.04 |          75.67 |          66.65 |          70.68 
            509 |          72.42 |          76.21 |          67.22 |          71.01 
            510 |          70.92 |          75.57 |          66.16 |          70.91 
            511 |          69.54 |          75.55 |          66.61 |          70.48 
            512 |          66.63 |          74.85 |          66.39 |          70.60 
            513 |          64.14 |          75.66 |          66.99 |          70.95 
            514 |          69.96 |          74.99 |          66.22 |          70.64 
            515 |          70.93 |          75.49 |          66.56 |          70.77 
            516 |          68.51 |          75.04 |          66.36 |          70.67 
            517 |          67.64 |          75.08 |          66.26 |          70.55 
            518 |          64.73 |          75.92 |          66.72 |          70.93 
            519 |          61.39 |          75.57 |          66.78 |          71.08 
            520 |          68.51 |          75.97 |          66.71 |          70.91 
            521 |          67.01 |          75.95 |          66.27 |          70.70 
            522 |          63.45 |          75.64 |          66.02 |          70.63 
            523 |          69.82 |          76.21 |          66.83 |          71.36 
            524 |          65.01 |          75.62 |          65.98 |          70.45 
            525 |          71.20 |          75.47 |          66.46 |          70.71 
            526 |          70.96 |          76.45 |          67.15 |          71.06 
            527 |          62.19 |          76.01 |          66.81 |          70.99 
            528 |          66.45 |          75.75 |          66.27 |          71.10 
            529 |          65.98 |          75.49 |          65.99 |          70.83 
            530 |          69.79 |          76.86 |          67.04 |          71.20 
            531 |          64.18 |          75.89 |          66.57 |          71.02 
            532 |          67.79 |          76.17 |          66.80 |          71.16 
            533 |          66.24 |          75.58 |          66.39 |          71.12 
            534 |          63.97 |          75.21 |          66.36 |          70.88 
            535 |          66.73 |          76.18 |          67.24 |          71.12 
            536 |          71.65 |          75.99 |          66.84 |          71.18 
            537 |          62.95 |          75.54 |          66.38 |          70.78 
            538 |          70.84 |          76.17 |          66.60 |          70.64 
            539 |          67.20 |          75.36 |          66.38 |          70.27 
            540 |          63.17 |          75.41 |          66.30 |          70.57 
            541 |          64.21 |          75.55 |          66.48 |          70.54 
            542 |          71.68 |          76.46 |          66.64 |          71.12 
            543 |          66.39 |          75.87 |          66.43 |          70.84 
            544 |          68.99 |          76.40 |          66.76 |          71.13 
            545 |          70.37 |          76.07 |          66.81 |          71.08 
            546 |          66.82 |          76.18 |          66.83 |          70.94 
            547 |          66.39 |          75.85 |          66.64 |          71.29 
            548 |          67.16 |          75.75 |          66.72 |          70.84 
            549 |          67.85 |          75.69 |          66.68 |          70.82 
            550 |          72.88 |          76.19 |          66.96 |          71.25 
            551 |          65.37 |          76.02 |          66.82 |          70.98 
            552 |          71.86 |          76.04 |          67.07 |          70.77 
            553 |          63.37 |          75.74 |          66.04 |          70.13 
            554 |          70.90 |          75.68 |          66.26 |          70.34 
            555 |          70.54 |          76.36 |          67.02 |          70.62 
            556 |          63.40 |          76.18 |          66.72 |          70.90 
            557 |          69.51 |          75.69 |          66.15 |          71.33 
            558 |          70.07 |          75.49 |          66.14 |          70.98 
            559 |          70.43 |          75.57 |          66.40 |          71.05 
            560 |          65.63 |          75.83 |          66.20 |          71.04 
            561 |          60.59 |          75.81 |          66.52 |          71.09 
            562 |          70.52 |          76.81 |          67.09 |          71.26 
            563 |          64.86 |          76.19 |          66.55 |          71.05 
            564 |          67.29 |          76.19 |          66.64 |          70.62 
            565 |          72.62 |          76.79 |          66.84 |          71.35 
            566 |          64.59 |          76.67 |          67.01 |          71.48 
            567 |          73.30 |          76.36 |          66.09 |          71.09 
            568 |          69.10 |          76.20 |          66.42 |          70.85 
            569 |          69.32 |          76.11 |          65.67 |          71.23 
            570 |          72.04 |          76.23 |          66.35 |          71.76 
            571 |          71.21 |          76.18 |          66.16 |          71.37 
            572 |          71.99 |          76.21 |          66.73 |          71.19 
            573 |          64.01 |          75.56 |          66.10 |          70.64 
            574 |          72.64 |          76.04 |          66.55 |          70.42 
            575 |          66.81 |          76.54 |          67.10 |          70.86 
            576 |          76.41 |          76.61 |          66.94 |          70.48 
            577 |          68.40 |          76.69 |          66.94 |          70.49 
            578 |          66.13 |          76.71 |          66.81 |          70.65 
            579 |          67.09 |          76.03 |          66.81 |          70.73 
            580 |          68.10 |          76.19 |          66.81 |          70.80 
            581 |          69.65 |          76.19 |          66.54 |          70.79 
            582 |          60.77 |          75.68 |          67.07 |          70.68 
            583 |          70.62 |          76.43 |          66.89 |          70.79 
            584 |          63.58 |          76.38 |          66.59 |          70.87 
            585 |          72.99 |          76.61 |          66.77 |          71.30 
            586 |          70.98 |          76.43 |          66.58 |          70.89 
            587 |          66.53 |          75.63 |          65.91 |          70.49 
            588 |          66.07 |          75.82 |          66.22 |          70.60 
            589 |          64.45 |          75.60 |          65.67 |          70.34 
            590 |          76.07 |          75.54 |          66.21 |          70.49 
            591 |          61.58 |          75.25 |          65.91 |          69.94 
            592 |          70.99 |          76.24 |          66.43 |          70.49 
            593 |          68.99 |          76.54 |          67.11 |          70.73 
            594 |          65.88 |          75.60 |          65.75 |          70.06 
            595 |          69.08 |          76.24 |          66.63 |          70.72 
            596 |          65.04 |          76.09 |          66.49 |          70.76 
            597 |          72.44 |          76.58 |          66.45 |          70.81 
            598 |          64.32 |          76.25 |          66.52 |          70.34 
            599 |          72.34 |          76.77 |          66.92 |          70.81 
            600 |          71.10 |          77.07 |          67.72 |          70.93 
            601 |          65.68 |          76.35 |          66.41 |          70.30 
            602 |          64.21 |          76.34 |          66.50 |          70.45 
            603 |          68.91 |          76.19 |          66.63 |          70.50 
            604 |          76.47 |          75.57 |          65.67 |          70.25 
            605 |          68.39 |          76.46 |          66.80 |          70.73 
            606 |          69.73 |          76.60 |          66.94 |          70.53 
            607 |          70.31 |          76.93 |          67.15 |          70.68 
            608 |          68.46 |          75.72 |          66.46 |          70.29 
            609 |          71.59 |          75.45 |          65.96 |          70.43 
            610 |          71.83 |          75.65 |          65.97 |          70.32 
            611 |          63.86 |          76.53 |          66.79 |          71.08 
            612 |          68.34 |          76.33 |          67.15 |          70.85 
            613 |          64.93 |          76.50 |          66.74 |          70.67 
            614 |          67.26 |          76.47 |          66.78 |          70.72 
            615 |          67.41 |          76.35 |          66.80 |          70.57 
            616 |          65.66 |          76.49 |          66.76 |          71.12 
            617 |          63.25 |          75.95 |          66.47 |          71.21 
            618 |          65.86 |          76.38 |          66.69 |          71.02 
            619 |          68.85 |          76.21 |          66.40 |          70.81 
            620 |          61.92 |          76.36 |          66.64 |          71.13 
            621 |          69.38 |          76.66 |          66.73 |          70.93 
            622 |          68.45 |          77.12 |          66.77 |          70.87 
            623 |          68.25 |          76.45 |          66.81 |          70.84 
            624 |          65.22 |          76.45 |          66.75 |          70.77 
            625 |          73.05 |          76.79 |          66.57 |          70.75 
            626 |          60.13 |          76.37 |          66.39 |          70.79 
            627 |          68.27 |          76.47 |          66.28 |          70.91 
            628 |          66.96 |          76.44 |          66.45 |          71.00 
            629 |          62.25 |          76.40 |          66.12 |          70.70 
            630 |          66.92 |          76.56 |          66.81 |          70.87 
            631 |          67.67 |          77.22 |          67.19 |          71.06 
            632 |          65.41 |          77.01 |          66.83 |          71.05 
            633 |          67.19 |          76.72 |          66.56 |          71.06 
            634 |          65.62 |          76.30 |          66.58 |          70.69 
            635 |          72.79 |          76.75 |          66.47 |          71.06 
            636 |          71.49 |          76.80 |          66.52 |          71.17 
            637 |          62.93 |          76.67 |          66.74 |          71.40 
            638 |          69.82 |          76.91 |          66.74 |          71.30 
            639 |          63.17 |          76.41 |          66.30 |          71.10 
            640 |          69.76 |          76.62 |          66.51 |          71.07 
            641 |          65.39 |          76.53 |          66.38 |          70.90 
            642 |          60.63 |          76.71 |          66.50 |          70.52 
            643 |          67.41 |          76.56 |          66.72 |          71.05 
            644 |          62.53 |          76.46 |          66.44 |          70.72 
            645 |          66.12 |          76.66 |          66.65 |          70.80 
            646 |          64.93 |          76.86 |          66.65 |          70.96 
            647 |          66.15 |          77.32 |          67.22 |          71.05 
            648 |          68.24 |          77.14 |          66.97 |          71.12 
            649 |          68.53 |          77.07 |          67.07 |          70.97 
            650 |          60.84 |          76.76 |          66.40 |          71.15 
            651 |          65.57 |          77.14 |          66.58 |          71.53 
            652 |          69.19 |          77.02 |          66.79 |          71.23 
            653 |          63.74 |          76.54 |          66.94 |          71.17 
            654 |          64.57 |          76.31 |          66.94 |          71.12 
            655 |          67.20 |          76.93 |          67.23 |          71.26 
            656 |          70.29 |          76.71 |          67.20 |          71.10 
            657 |          71.42 |          76.95 |          67.05 |          71.38 
            658 |          68.36 |          76.77 |          67.22 |          71.50 
            659 |          67.40 |          76.92 |          66.97 |          71.06 
            660 |          64.81 |          76.65 |          66.75 |          71.43 
            661 |          68.52 |          76.69 |          67.26 |          71.26 
            662 |          65.46 |          77.09 |          67.55 |          71.50 
            663 |          67.36 |          76.84 |          66.97 |          71.18 
            664 |          64.07 |          77.40 |          67.39 |          71.28 
            665 |          61.93 |          76.72 |          67.26 |          71.01 
            666 |          68.65 |          76.85 |          67.06 |          71.28 
            667 |          64.73 |          76.84 |          67.23 |          71.01 
            668 |          65.39 |          76.34 |          67.15 |          70.74 
            669 |          61.72 |          76.79 |          66.72 |          71.15 
            670 |          62.41 |          76.89 |          66.78 |          70.96 
            671 |          65.43 |          76.65 |          66.65 |          70.72 
            672 |          65.40 |          76.61 |          66.81 |          70.72 
            673 |          69.53 |          77.10 |          66.95 |          71.13 
            674 |          74.99 |          77.32 |          67.01 |          71.39 
            675 |          65.22 |          76.48 |          66.56 |          71.13 
            676 |          64.25 |          76.73 |          66.84 |          71.24 
            677 |          63.23 |          76.34 |          66.30 |          71.20 
            678 |          75.79 |          77.11 |          66.69 |          71.32 
            679 |          66.98 |          77.12 |          67.27 |          71.48 
            680 |          70.47 |          77.11 |          67.34 |          71.18 
            681 |          66.11 |          76.88 |          67.07 |          71.22 
            682 |          70.58 |          77.26 |          67.22 |          71.39 
            683 |          67.64 |          77.50 |          67.27 |          71.42 
            684 |          64.05 |          76.78 |          66.69 |          71.02 
            685 |          63.79 |          76.88 |          67.29 |          71.33 
            686 |          61.86 |          77.08 |          67.15 |          71.37 
            687 |          68.10 |          76.57 |          66.59 |          71.35 
            688 |          66.56 |          76.92 |          66.75 |          71.74 
            689 |          64.38 |          76.48 |          66.70 |          71.23 
            690 |          64.28 |          76.94 |          66.80 |          71.77 
            691 |          66.71 |          76.68 |          66.98 |          71.09 
            692 |          69.88 |          76.78 |          66.84 |          70.97 
            693 |          72.68 |          77.46 |          67.42 |          71.57 
            694 |          62.81 |          77.09 |          66.94 |          71.03 
            695 |          71.16 |          77.04 |          66.91 |          71.61 
            696 |          67.06 |          76.95 |          66.99 |          71.38 
            697 |          65.27 |          76.60 |          66.96 |          71.27 
            698 |          68.69 |          77.40 |          67.11 |          71.35 
            699 |          68.21 |          77.80 |          67.93 |          72.21 
            700 |          60.18 |          77.40 |          67.29 |          71.72 
            701 |          60.30 |          76.93 |          66.97 |          71.46 
            702 |          63.30 |          77.08 |          66.77 |          71.62 
            703 |          62.67 |          77.24 |          67.14 |          71.85 
            704 |          70.63 |          77.41 |          67.17 |          71.70 
            705 |          64.99 |          77.05 |          66.61 |          71.47 
            706 |          68.52 |          77.41 |          67.04 |          71.56 
            707 |          64.83 |          77.65 |          67.19 |          71.77 
            708 |          64.71 |          77.42 |          67.19 |          71.64 
            709 |          69.92 |          77.83 |          67.24 |          71.75 
            710 |          66.49 |          77.39 |          67.01 |          71.56 
            711 |          64.92 |          76.95 |          66.75 |          71.42 
            712 |          71.71 |          77.10 |          66.82 |          71.48 
            713 |          67.19 |          77.22 |          67.26 |          71.49 
            714 |          61.02 |          76.56 |          66.85 |          71.27 
            715 |          62.49 |          76.14 |          66.58 |          70.66 
            716 |          68.52 |          76.71 |          66.43 |          71.12 
            717 |          66.03 |          77.51 |          67.04 |          71.32 
            718 |          69.23 |          77.83 |          67.33 |          72.14 
            719 |          65.01 |          77.27 |          67.33 |          71.66 
            720 |          65.37 |          76.94 |          66.81 |          71.04 
            721 |          62.83 |          76.97 |          66.89 |          70.98 
            722 |          60.66 |          76.39 |          66.70 |          71.13 
            723 |          67.18 |          76.90 |          67.27 |          71.07 
            724 |          64.33 |          77.03 |          67.22 |          71.38 
            725 |          70.99 |          77.18 |          67.44 |          71.70 
            726 |          69.60 |          77.31 |          67.64 |          71.57 
            727 |          66.16 |          77.65 |          67.59 |          71.75 
            728 |          66.25 |          77.83 |          67.62 |          71.86 
            729 |          68.69 |          77.81 |          67.53 |          71.96 
            730 |          66.42 |          77.70 |          67.58 |          71.92 
            731 |          67.50 |          77.98 |          67.83 |          72.07 
            732 |          72.60 |          77.88 |          67.61 |          71.83 
            733 |          67.18 |          77.59 |          67.63 |          71.68 
            734 |          63.43 |          77.16 |          67.65 |          71.49 
            735 |          66.81 |          76.72 |          67.34 |          71.17 
            736 |          63.38 |          76.56 |          66.95 |          71.12 
            737 |          69.21 |          77.31 |          67.22 |          71.61 
            738 |          67.52 |          77.72 |          67.77 |          71.58 
            739 |          59.01 |          77.40 |          67.72 |          71.80 
            740 |          65.02 |          77.42 |          67.38 |          71.57 
            741 |          62.04 |          77.45 |          67.48 |          71.59 
            742 |          60.75 |          76.71 |          67.31 |          71.42 
            743 |          64.18 |          76.48 |          66.98 |          71.52 
            744 |          65.77 |          77.32 |          67.25 |          71.75 
            745 |          70.19 |          77.92 |          67.22 |          72.24 
            746 |          69.54 |          77.54 |          67.40 |          72.15 
            747 |          65.23 |          77.11 |          66.91 |          70.99 
            748 |          63.96 |          77.29 |          66.86 |          71.75 
            749 |          69.99 |          77.29 |          67.48 |          71.54 
            750 |          68.31 |          77.88 |          67.40 |          71.89 
            751 |          71.52 |          78.02 |          67.55 |          72.16 
            752 |          69.58 |          77.79 |          67.45 |          71.28 
            753 |          61.67 |          77.96 |          67.42 |          71.70 
            754 |          64.27 |          77.84 |          67.45 |          71.50 
            755 |          69.78 |          77.80 |          67.42 |          72.14 
            756 |          69.65 |          77.83 |          67.06 |          71.97 
            757 |          67.31 |          77.82 |          67.14 |          71.96 
            758 |          67.68 |          77.89 |          67.33 |          72.09 
            759 |          66.38 |          77.37 |          66.94 |          71.36 
            760 |          64.79 |          78.27 |          67.37 |          72.40 
            761 |          70.09 |          78.09 |          67.44 |          72.58 
            762 |          59.55 |          78.29 |          67.52 |          72.29 
            763 |          64.46 |          78.28 |          67.35 |          72.59 
            764 |          70.27 |          78.25 |          66.95 |          72.30 
            765 |          69.26 |          77.89 |          67.10 |          71.78 
            766 |          62.73 |          77.96 |          66.89 |          71.76 
            767 |          64.65 |          77.87 |          67.58 |          72.18 
            768 |          62.93 |          77.53 |          67.28 |          72.31 
            769 |          65.57 |          77.86 |          67.46 |          71.55 
            770 |          60.89 |          77.82 |          67.37 |          71.92 
            771 |          66.14 |          78.29 |          67.20 |          72.10 
            772 |          71.83 |          78.29 |          67.32 |          72.25 
            773 |          67.23 |          77.83 |          67.77 |          72.00 
            774 |          68.88 |          78.07 |          67.64 |          72.02 
            775 |          62.84 |          77.58 |          67.04 |          71.71 
            776 |          63.82 |          77.82 |          67.20 |          71.98 
            777 |          61.77 |          77.85 |          67.35 |          71.67 
            778 |          70.29 |          77.78 |          67.44 |          72.00 
            779 |          66.88 |          77.31 |          67.26 |          72.08 
            780 |          66.01 |          77.49 |          67.35 |          72.12 
            781 |          65.88 |          77.64 |          67.48 |          71.90 
            782 |          63.99 |          77.61 |          67.34 |          71.48 
            783 |          61.00 |          77.72 |          67.12 |          71.74 
            784 |          71.28 |          77.56 |          67.01 |          71.41 
            785 |          73.02 |          78.11 |          67.21 |          71.86 
            786 |          66.14 |          77.95 |          66.99 |          71.88 
            787 |          61.90 |          77.89 |          67.20 |          71.92 
            788 |          63.06 |          77.99 |          67.39 |          71.81 
            789 |          65.73 |          78.13 |          66.94 |          71.75 
            790 |          67.96 |          78.34 |          67.33 |          72.47 
            791 |          65.50 |          77.88 |          67.52 |          71.85 
            792 |          65.61 |          78.12 |          67.16 |          72.23 
            793 |          61.89 |          78.03 |          67.01 |          72.01 
            794 |          70.34 |          78.00 |          67.29 |          71.80 
            795 |          65.51 |          77.82 |          67.02 |          71.68 
            796 |          67.36 |          78.15 |          67.02 |          72.38 
            797 |          64.80 |          77.82 |          67.18 |          71.63 
            798 |          70.05 |          77.59 |          67.38 |          71.58 
            799 |          63.22 |          77.77 |          67.15 |          71.63 
            800 |          62.92 |          77.74 |          67.00 |          71.61 
            801 |          67.53 |          77.63 |          67.29 |          71.68 
            802 |          63.86 |          77.66 |          67.29 |          72.01 
            803 |          60.88 |          77.76 |          67.42 |          72.32 
            804 |          68.25 |          77.69 |          67.29 |          72.09 
            805 |          70.68 |          78.37 |          67.45 |          72.24 
            806 |          65.96 |          78.22 |          67.55 |          72.01 
            807 |          70.09 |          77.55 |          67.54 |          71.98 
            808 |          64.03 |          77.42 |          67.11 |          71.25 
            809 |          62.99 |          77.40 |          66.98 |          71.59 
            810 |          67.37 |          77.45 |          67.44 |          72.05 
            811 |          62.38 |          77.99 |          67.39 |          71.81 
            812 |          70.22 |          77.54 |          67.23 |          71.78 
            813 |          66.68 |          78.04 |          67.61 |          72.37 
            814 |          68.88 |          78.20 |          67.52 |          72.22 
            815 |          66.65 |          78.64 |          67.80 |          72.50 
            816 |          69.49 |          78.16 |          67.21 |          71.76 
            817 |          63.75 |          78.04 |          67.40 |          71.90 
            818 |          60.39 |          77.59 |          67.57 |          71.61 
            819 |          61.06 |          77.22 |          66.67 |          71.49 
            820 |          63.58 |          77.47 |          66.96 |          71.75 
            821 |          66.31 |          78.16 |          67.38 |          71.94 
            822 |          59.69 |          78.00 |          67.28 |          72.14 
            823 |          68.56 |          77.82 |          67.36 |          71.94 
            824 |          66.60 |          78.27 |          67.44 |          72.13 
            825 |          73.63 |          77.92 |          67.56 |          71.93 
            826 |          64.79 |          77.94 |          67.31 |          72.41 
            827 |          68.07 |          77.89 |          67.49 |          72.01 
            828 |          66.06 |          77.83 |          67.20 |          71.91 
            829 |          70.70 |          77.99 |          67.79 |          72.32 
            830 |          69.18 |          77.84 |          67.28 |          71.95 
            831 |          67.20 |          77.99 |          66.98 |          72.03 
            832 |          63.54 |          77.83 |          66.68 |          71.70 
            833 |          60.98 |          77.71 |          66.90 |          71.71 
            834 |          65.84 |          77.85 |          67.14 |          71.83 
            835 |          61.29 |          77.51 |          66.76 |          71.42 
            836 |          67.32 |          77.50 |          66.83 |          71.42 
            837 |          60.91 |          77.73 |          66.93 |          71.68 
            838 |          62.79 |          78.32 |          67.65 |          71.80 
            839 |          60.48 |          78.27 |          67.41 |          71.61 
            840 |          61.98 |          78.19 |          67.27 |          71.70 
            841 |          60.55 |          77.98 |          67.43 |          71.91 
            842 |          61.08 |          77.72 |          67.34 |          71.48 
            843 |          63.08 |          77.96 |          67.57 |          71.94 
            844 |          58.25 |          77.78 |          67.49 |          72.03 
            845 |          65.11 |          77.48 |          67.15 |          71.62 
            846 |          64.28 |          77.69 |          67.21 |          71.40 
            847 |          65.90 |          78.02 |          67.82 |          71.87 
            848 |          65.10 |          78.24 |          67.79 |          72.20 
            849 |          67.57 |          77.79 |          67.14 |          71.66 
            850 |          68.80 |          77.92 |          67.45 |          71.80 
            851 |          59.84 |          77.58 |          67.32 |          71.80 
            852 |          60.19 |          78.03 |          67.55 |          72.16 
            853 |          68.39 |          78.05 |          67.31 |          72.02 
            854 |          65.03 |          77.79 |          67.14 |          71.77 
            855 |          66.62 |          78.20 |          67.58 |          72.32 
            856 |          68.18 |          78.29 |          67.50 |          72.26 
            857 |          59.15 |          78.08 |          67.37 |          72.29 
            858 |          62.22 |          78.35 |          67.31 |          72.38 
            859 |          62.25 |          78.12 |          67.31 |          72.40 
            860 |          67.68 |          77.94 |          67.18 |          72.20 
            861 |          66.13 |          78.23 |          67.29 |          72.51 
            862 |          62.79 |          77.93 |          67.25 |          72.11 
            863 |          57.30 |          78.08 |          67.31 |          72.40 
            864 |          64.26 |          77.62 |          67.37 |          72.13 
            865 |          61.75 |          77.59 |          67.19 |          72.04 
            866 |          60.65 |          78.09 |          67.48 |          72.05 
            867 |          67.71 |          77.73 |          66.94 |          72.01 
            868 |          69.40 |          78.04 |          67.74 |          72.23 
            869 |          68.26 |          77.86 |          67.86 |          72.22 
            870 |          61.94 |          77.91 |          67.69 |          72.27 
            871 |          65.41 |          77.93 |          67.64 |          72.30 
            872 |          60.98 |          77.55 |          67.33 |          72.14 
            873 |          58.48 |          77.62 |          67.24 |          71.87 
            874 |          64.86 |          77.90 |          67.21 |          72.16 
            875 |          65.64 |          77.84 |          67.00 |          71.59 
            876 |          68.61 |          78.26 |          66.81 |          71.76 
            877 |          67.57 |          78.60 |          67.12 |          72.31 
            878 |          61.43 |          78.16 |          67.13 |          71.74 
            879 |          69.79 |          78.18 |          66.89 |          72.18 
            880 |          61.08 |          78.50 |          67.02 |          72.64 
            881 |          64.18 |          78.01 |          67.08 |          72.44 
            882 |          65.58 |          77.81 |          66.99 |          72.52 
            883 |          71.62 |          78.18 |          67.43 |          72.38 
            884 |          65.90 |          77.89 |          67.01 |          71.63 
            885 |          62.62 |          78.07 |          67.08 |          72.17 
            886 |          65.05 |          77.95 |          67.13 |          71.96 
            887 |          64.21 |          78.20 |          67.26 |          72.42 
            888 |          68.59 |          78.57 |          67.68 |          72.90 
            889 |          65.47 |          78.53 |          67.53 |          72.76 
            890 |          62.69 |          78.54 |          67.76 |          72.75 
            891 |          68.85 |          78.48 |          67.74 |          72.33 
            892 |          66.03 |          78.31 |          67.34 |          72.54 
            893 |          65.41 |          78.51 |          67.35 |          72.77 
            894 |          76.36 |          78.58 |          67.26 |          72.57 
            895 |          68.76 |          78.64 |          67.25 |          72.35 
            896 |          69.70 |          78.30 |          67.07 |          72.55 
            897 |          62.73 |          77.95 |          66.67 |          71.87 
            898 |          62.90 |          78.15 |          66.53 |          72.18 
            899 |          64.68 |          78.14 |          67.07 |          72.30 
            900 |          64.12 |          78.55 |          67.05 |          72.47 
            901 |          64.67 |          78.38 |          67.21 |          72.60 
            902 |          65.13 |          78.27 |          67.24 |          72.43 
            903 |          66.55 |          77.89 |          66.95 |          71.99 
            904 |          66.94 |          77.55 |          67.14 |          72.04 
            905 |          62.81 |          77.70 |          67.19 |          72.14 
            906 |          63.51 |          77.92 |          66.76 |          72.30 
            907 |          65.86 |          78.04 |          67.15 |          72.35 
            908 |          64.57 |          77.90 |          67.19 |          71.99 
            909 |          58.74 |          78.05 |          67.37 |          72.47 
            910 |          60.56 |          78.12 |          67.25 |          72.32 
            911 |          62.56 |          77.94 |          67.10 |          72.08 
            912 |          63.98 |          77.76 |          67.00 |          72.23 
            913 |          66.74 |          78.37 |          67.55 |          71.87 
            914 |          66.23 |          77.79 |          66.79 |          72.32 
            915 |          63.05 |          77.90 |          66.74 |          72.10 
            916 |          63.36 |          78.16 |          67.10 |          72.09 
            917 |          63.25 |          78.25 |          67.21 |          72.09 
            918 |          60.38 |          77.78 |          66.73 |          71.51 
            919 |          67.72 |          78.56 |          67.67 |          72.58 
            920 |          64.98 |          78.02 |          67.29 |          71.96 
            921 |          61.82 |          78.04 |          66.88 |          71.51 
            922 |          64.64 |          78.08 |          67.15 |          71.89 
            923 |          62.37 |          78.15 |          66.90 |          71.88 
            924 |          65.16 |          78.37 |          66.95 |          72.44 
            925 |          64.03 |          78.17 |          67.20 |          72.35 
            926 |          66.77 |          77.97 |          67.00 |          72.08 
            927 |          68.29 |          78.25 |          67.52 |          72.02 
            928 |          62.06 |          77.97 |          67.45 |          72.13 
            929 |          58.02 |          78.12 |          67.69 |          72.45 
            930 |          62.08 |          77.97 |          67.60 |          72.04 
            931 |          62.08 |          77.83 |          67.47 |          71.96 
            932 |          61.94 |          77.84 |          66.97 |          71.36 
            933 |          68.29 |          78.18 |          67.49 |          72.09 
            934 |          65.11 |          78.20 |          67.29 |          71.77 
            935 |          68.21 |          78.19 |          67.67 |          72.63 
            936 |          60.30 |          78.28 |          67.58 |          72.65 
            937 |          61.19 |          78.57 |          67.75 |          72.08 
            938 |          63.69 |          78.13 |          67.39 |          72.11 
            939 |          69.61 |          78.50 |          67.89 |          72.28 
            940 |          61.80 |          78.16 |          67.53 |          72.41 
            941 |          67.13 |          78.26 |          67.81 |          72.28 
            942 |          63.44 |          78.18 |          67.74 |          71.99 
            943 |          67.47 |          78.15 |          67.83 |          71.85 
            944 |          62.44 |          78.43 |          68.62 |          72.43 
            945 |          67.25 |          78.40 |          68.41 |          72.44 
            946 |          62.50 |          78.53 |          67.85 |          72.21 
            947 |          63.91 |          78.48 |          68.33 |          72.34 
            948 |          64.15 |          78.50 |          68.14 |          72.13 
            949 |          69.32 |          77.99 |          67.85 |          71.84 
            950 |          68.99 |          78.29 |          68.14 |          72.02 
            951 |          66.26 |          78.43 |          68.13 |          72.09 
            952 |          66.57 |          78.87 |          68.15 |          71.88 
            953 |          65.02 |          78.78 |          68.30 |          71.82 
            954 |          66.02 |          78.74 |          67.91 |          71.89 
            955 |          62.75 |          78.55 |          68.02 |          71.89 
            956 |          62.55 |          78.29 |          67.99 |          71.82 
            957 |          63.45 |          78.63 |          67.85 |          72.12 
            958 |          60.91 |          77.76 |          67.38 |          71.43 
            959 |          63.49 |          78.28 |          67.87 |          72.01 
            960 |          59.05 |          78.24 |          68.13 |          72.18 
            961 |          65.42 |          78.26 |          68.20 |          72.22 
            962 |          67.46 |          78.57 |          67.88 |          72.52 
            963 |          63.21 |          78.10 |          67.84 |          72.16 
            964 |          62.33 |          78.17 |          67.95 |          72.10 
            965 |          65.76 |          78.36 |          67.80 |          72.37 
            966 |          65.62 |          78.53 |          67.89 |          72.52 
            967 |          68.42 |          78.54 |          68.19 |          72.60 
            968 |          66.12 |          78.70 |          68.39 |          72.45 
            969 |          64.78 |          78.00 |          67.75 |          72.12 
            970 |          61.28 |          78.03 |          67.63 |          71.93 
            971 |          68.39 |          78.45 |          68.12 |          72.74 
            972 |          66.45 |          78.38 |          67.88 |          72.46 
            973 |          64.08 |          78.71 |          68.19 |          72.61 
            974 |          67.26 |          79.00 |          68.43 |          72.60 
            975 |          66.64 |          78.87 |          68.10 |          72.26 
            976 |          64.27 |          78.98 |          68.38 |          72.27 
            977 |          62.71 |          78.80 |          67.90 |          72.46 
            978 |          65.24 |          78.82 |          68.16 |          72.47 
            979 |          67.70 |          78.62 |          67.50 |          72.07 
            980 |          66.78 |          78.68 |          67.72 |          72.13 
            981 |          62.21 |          78.75 |          68.16 |          72.37 
            982 |          67.46 |          78.86 |          68.32 |          72.43 
            983 |          65.49 |          78.77 |          68.10 |          72.34 
            984 |          62.90 |          78.45 |          67.87 |          72.34 
            985 |          62.14 |          78.51 |          67.41 |          71.97 
            986 |          62.21 |          78.75 |          68.09 |          72.36 
            987 |          66.12 |          78.88 |          67.88 |          72.27 
            988 |          69.28 |          78.76 |          68.06 |          72.82 
            989 |          66.77 |          78.22 |          67.51 |          72.39 
            990 |          65.71 |          78.82 |          68.07 |          72.48 
            991 |          66.14 |          79.28 |          68.63 |          72.17 
            992 |          61.61 |          79.07 |          68.76 |          72.18 
            993 |          58.44 |          78.91 |          68.68 |          72.34 
            994 |          66.20 |          79.16 |          68.75 |          72.23 
            995 |          67.19 |          79.07 |          68.52 |          72.16 
            996 |          58.48 |          79.07 |          68.37 |          72.13 
            997 |          62.13 |          78.90 |          68.03 |          72.07 
            998 |          63.69 |          78.71 |          68.09 |          72.40 
            999 |          66.86 |          78.98 |          68.50 |          72.73 
--------------------------------------------------------------------------------------
Final eval on test, "save best", best epoch on dev 992, f1-macro, test = 72.18)
--------------------------------------------------------------------------------------
F1 scores
------------------------
              0 = f1 = 80.67, precision = 84.90, recall = 76.84
             CA = f1 = 50.70, precision = 64.12, recall = 41.92
             CC = f1 = 76.99, precision = 75.37, recall = 78.67
             CI = f1 = 68.75, precision = 65.15, recall = 72.77
             CP = f1 = 83.79, precision = 81.31, recall = 86.43
------------------------
Macro-F1 = 72.179Macro-Prescion = 74.171Macro-Recall = 71.325
              precision    recall  f1-score   support

           0       0.85      0.77      0.81      1654
          CI       0.65      0.73      0.69      1164
          CC       0.75      0.79      0.77      1214
          CA       0.64      0.42      0.51       260
          CP       0.81      0.86      0.84       921

   micro avg       0.76      0.76      0.76      5213
   macro avg       0.74      0.71      0.72      5213
weighted avg       0.77      0.76      0.76      5213


Input arguments:
python3 main.py --train data/targer/targer_train.txt --dev data/targer/targer_dev.txt --test data/targer/targer_test.txt --data-io connl-ner-2003 --model BiRNN --embedding-dim 1024 --opt adam --save-best yes --patience 100 --rnn-hidden-dim 100 --gpu 3 --epoch-num 1000 --evaluator f1-macro --xlnet True --path_to_bert xlnet-large-cased --special_bert True --lr_bert 0.0005 --logname targer-xlnet-base-capri-patence=100-rnn-hidden-dim=100-epochs=1000-lr_bert0.0005.log --report-fn targer-xlnet-base-capri-patence=100-rnn-hidden-dim=100-epochs=1000-lr_bert0.0005.txt --save targer-xlnet-base-capri-patence=100-rnn-hidden-dim=100-epochs=1000-lr_bert0.0005.hdf5

72.1790