Evaluation

batch_size=10
bert=False
bert_frozen=True
char_cnn_filter_num=30
char_embeddings_dim=25
char_window_size=3
check_for_lowercase=True
clip_grad=5
cross_fold_id=-1
cross_folds_num=-1
data_io='connl-ner-2003'
dataset_sort=False
dev='data/targer/targer_dev.txt'
dropout_ratio=0.5
elmo=False
elmo_options_fn='embeddings/elmo_2x4096_512_2048cnn_2xhighway_5.5B_options.json'
elmo_weights_fn='/home/vika/targer/embeddings/elmo_2x4096_512_2048cnn_2xhighway_5.5B_weights.hdf5'
emb_delimiter=' '
emb_dim=100
emb_fn='embeddings/glove.6B.100d.txt'
emb_load_all=False
embedding_dim=768
epoch_num=1000
evaluator='f1-macro'
freeze_char_embeddings=False
freeze_word_embeddings=False
gpu=2
load=None
logname='targer-xlnet-base-capri-patence=100-rnn-hidden-dim=200-epochs=1000-lr_bert0.00005-frozen=TRUE.log'
lr=0.005
lr_bert=5e-05
lr_decay=0.05
min_epoch_num=50
model='BiRNN'
momentum=0.9
opt='adam'
path_to_bert='xlnet-base-cased'
patience=100
report_fn='targer-xlnet-base-capri-patence=100-rnn-hidden-dim=200-epochs=1000-lr_bert0.00005-frozen=TRUE.txt'
rnn_hidden_dim=200
rnn_type='LSTM'
save='targer-xlnet-base-capri-patence=100-rnn-hidden-dim=200-epochs=1000-lr_bert0.00005-frozen=TRUE.hdf5'
save_best=True
seed_num=42
special_bert=True
splitter=' '
test='data/targer/targer_test.txt'
train='data/targer/targer_train.txt'
verbose=True
word_len=20
word_seq_indexer=None
xlnet=True

         epoch  |     train loss | f1-macro-train |   f1-macro-dev |  f1-macro-test 
--------------------------------------------------------------------------------------
              0 |         102.03 |          51.73 |          48.56 |          51.18 
              1 |          95.81 |          50.39 |          48.00 |          49.87 
              2 |          97.41 |          51.74 |          50.26 |          52.95 
              3 |          98.02 |          52.35 |          51.67 |          53.38 
              4 |          90.46 |          54.99 |          52.42 |          55.72 
              5 |          92.65 |          51.07 |          48.49 |          49.28 
              6 |          92.27 |          57.82 |          55.57 |          58.31 
              7 |          85.17 |          61.46 |          58.12 |          62.73 
              8 |          85.66 |          58.54 |          56.02 |          59.69 
              9 |          88.13 |          60.13 |          57.48 |          61.76 
             10 |          84.58 |          62.75 |          59.23 |          64.05 
             11 |          84.46 |          58.07 |          55.44 |          59.85 
             12 |          79.95 |          62.33 |          58.98 |          62.92 
             13 |          83.95 |          59.91 |          57.57 |          61.24 
             14 |          84.16 |          60.66 |          56.70 |          60.85 
             15 |          77.74 |          60.10 |          57.00 |          60.20 
             16 |          79.44 |          65.30 |          60.97 |          65.18 
             17 |          86.81 |          62.02 |          59.64 |          62.69 
             18 |          83.18 |          58.55 |          54.36 |          57.80 
             19 |          85.54 |          64.79 |          61.25 |          63.67 
             20 |          84.08 |          60.21 |          58.22 |          60.84 
             21 |          77.34 |          64.21 |          61.17 |          65.24 
             22 |          79.47 |          65.42 |          60.33 |          63.62 
             23 |          83.88 |          66.65 |          62.13 |          65.65 
             24 |          84.98 |          66.16 |          61.91 |          66.01 
             25 |          81.83 |          67.34 |          62.75 |          65.59 
             26 |          79.88 |          65.70 |          60.46 |          63.78 
             27 |          78.97 |          67.67 |          62.28 |          66.56 
             28 |          77.52 |          67.19 |          62.59 |          66.38 
             29 |          76.09 |          67.03 |          62.14 |          65.26 
             30 |          82.98 |          67.17 |          63.05 |          66.34 
             31 |          81.10 |          67.54 |          62.67 |          66.31 
             32 |          75.81 |          65.00 |          61.33 |          64.88 
             33 |          87.40 |          65.37 |          62.27 |          65.34 
             34 |          79.12 |          67.58 |          63.29 |          66.25 
             35 |          75.35 |          65.46 |          61.30 |          65.13 
             36 |          78.91 |          67.15 |          61.44 |          64.94 
             37 |          77.70 |          67.17 |          61.49 |          63.55 
             38 |          76.32 |          68.08 |          63.50 |          66.37 
             39 |          73.56 |          67.18 |          62.54 |          65.46 
             40 |          80.35 |          70.35 |          64.35 |          66.84 
             41 |          76.84 |          69.59 |          64.14 |          67.55 
             42 |          71.82 |          70.88 |          63.76 |          66.30 
             43 |          77.12 |          69.37 |          63.85 |          67.72 
             44 |          71.53 |          68.43 |          61.33 |          65.12 
             45 |          80.56 |          68.92 |          62.84 |          67.33 
             46 |          75.04 |          70.08 |          64.04 |          67.69 
             47 |          72.66 |          69.84 |          63.28 |          67.15 
             48 |          76.89 |          71.77 |          64.77 |          69.03 
             49 |          73.84 |          70.69 |          63.31 |          67.94 
             50 |          71.09 |          67.47 |          62.09 |          65.26 
             51 |          75.35 |          71.60 |          64.57 |          68.58 
             52 |          69.42 |          71.75 |          64.97 |          69.40 
             53 |          69.92 |          70.78 |          64.37 |          68.49 
             54 |          70.02 |          67.92 |          62.54 |          66.24 
             55 |          74.03 |          69.85 |          62.09 |          65.78 
             56 |          74.11 |          71.63 |          65.04 |          67.60 
             57 |          72.11 |          70.23 |          63.23 |          67.48 
             58 |          70.46 |          70.84 |          63.89 |          67.85 
             59 |          75.00 |          73.52 |          65.43 |          69.59 
             60 |          72.35 |          72.21 |          64.80 |          69.35 
             61 |          69.42 |          72.86 |          66.27 |          70.48 
             62 |          73.02 |          71.60 |          64.91 |          69.45 
             63 |          67.99 |          72.77 |          66.01 |          70.09 
             64 |          66.27 |          73.62 |          65.30 |          69.20 
             65 |          68.55 |          71.41 |          63.52 |          67.39 
             66 |          67.92 |          73.34 |          65.42 |          69.92 
             67 |          67.96 |          70.95 |          63.05 |          67.39 
             68 |          72.54 |          74.66 |          65.51 |          70.30 
             69 |          67.50 |          73.33 |          64.58 |          68.64 
             70 |          69.90 |          71.84 |          64.27 |          69.60 
             71 |          72.32 |          73.13 |          64.99 |          69.67 
             72 |          67.79 |          74.09 |          65.64 |          70.86 
             73 |          70.68 |          74.39 |          65.80 |          70.24 
             74 |          68.83 |          74.70 |          66.70 |          70.86 
             75 |          65.07 |          73.59 |          65.92 |          69.00 
             76 |          68.48 |          73.79 |          65.47 |          69.87 
             77 |          67.82 |          73.11 |          65.46 |          69.05 
             78 |          66.74 |          73.05 |          65.61 |          69.10 
             79 |          63.20 |          73.85 |          66.05 |          70.24 
             80 |          68.47 |          74.38 |          65.97 |          69.41 
             81 |          65.27 |          75.28 |          67.39 |          71.06 
             82 |          69.17 |          75.04 |          66.23 |          69.69 
             83 |          62.18 |          74.88 |          67.25 |          69.90 
             84 |          66.96 |          75.79 |          66.53 |          69.95 
             85 |          66.47 |          74.92 |          65.32 |          69.05 
             86 |          73.43 |          75.75 |          65.61 |          70.18 
             87 |          71.63 |          75.67 |          65.53 |          70.60 
             88 |          63.18 |          75.24 |          66.69 |          70.40 
             89 |          70.64 |          76.58 |          67.31 |          71.57 
             90 |          68.08 |          75.87 |          67.28 |          71.57 
             91 |          67.12 |          76.30 |          66.81 |          71.68 
             92 |          69.70 |          75.58 |          65.61 |          69.67 
             93 |          59.74 |          76.04 |          66.71 |          70.83 
             94 |          66.75 |          76.84 |          66.39 |          71.53 
             95 |          62.61 |          76.33 |          66.29 |          71.43 
             96 |          67.07 |          76.71 |          67.10 |          70.86 
             97 |          62.38 |          76.52 |          65.47 |          70.29 
             98 |          64.06 |          77.17 |          66.82 |          69.99 
             99 |          64.23 |          76.28 |          65.84 |          69.49 
            100 |          64.14 |          77.27 |          67.25 |          70.97 
            101 |          62.40 |          76.57 |          67.90 |          70.68 
            102 |          61.69 |          76.40 |          66.03 |          69.88 
            103 |          64.45 |          77.01 |          67.03 |          70.86 
            104 |          64.86 |          76.36 |          68.13 |          71.36 
            105 |          65.41 |          78.43 |          68.68 |          72.15 
            106 |          63.87 |          77.53 |          68.11 |          71.91 
            107 |          57.81 |          77.13 |          67.02 |          71.06 
            108 |          63.15 |          77.56 |          67.56 |          71.63 
            109 |          63.35 |          77.64 |          68.52 |          71.98 
            110 |          62.33 |          77.54 |          66.88 |          70.94 
            111 |          63.50 |          77.35 |          67.35 |          71.23 
            112 |          63.55 |          78.13 |          67.26 |          71.29 
            113 |          66.76 |          78.20 |          68.08 |          71.62 
            114 |          66.94 |          77.99 |          67.53 |          70.82 
            115 |          65.83 |          78.02 |          67.16 |          72.08 
            116 |          64.81 |          78.49 |          67.79 |          70.56 
            117 |          58.24 |          78.50 |          67.47 |          72.02 
            118 |          66.38 |          76.32 |          66.30 |          70.57 
            119 |          64.33 |          77.36 |          67.34 |          71.69 
            120 |          57.71 |          78.10 |          66.50 |          71.29 
            121 |          63.92 |          78.41 |          67.08 |          70.98 
            122 |          66.18 |          77.30 |          66.34 |          70.54 
            123 |          58.69 |          77.66 |          67.54 |          71.04 
            124 |          60.89 |          78.43 |          67.31 |          71.28 
            125 |          59.22 |          78.99 |          67.87 |          71.46 
            126 |          56.83 |          78.80 |          68.10 |          71.19 
            127 |          66.06 |          79.07 |          68.09 |          71.81 
            128 |          60.73 |          79.60 |          67.68 |          71.88 
            129 |          57.02 |          78.30 |          67.86 |          71.86 
            130 |          62.30 |          79.15 |          67.79 |          71.65 
            131 |          63.51 |          79.59 |          67.66 |          71.93 
            132 |          62.02 |          79.85 |          68.11 |          71.59 
            133 |          61.15 |          80.07 |          68.60 |          71.89 
            134 |          58.76 |          78.88 |          66.63 |          71.18 
            135 |          67.68 |          79.47 |          67.51 |          72.00 
            136 |          56.65 |          79.94 |          67.87 |          71.67 
            137 |          64.80 |          80.16 |          67.67 |          72.53 
            138 |          62.72 |          80.40 |          68.19 |          72.40 
            139 |          65.14 |          80.18 |          68.47 |          72.41 
            140 |          55.25 |          79.64 |          67.91 |          71.70 
            141 |          53.58 |          78.96 |          67.39 |          71.54 
            142 |          61.12 |          79.60 |          67.59 |          72.31 
            143 |          58.07 |          79.45 |          67.91 |          71.73 
            144 |          57.23 |          80.13 |          68.19 |          72.05 
            145 |          55.57 |          80.11 |          67.49 |          71.49 
            146 |          58.34 |          80.12 |          67.30 |          71.63 
            147 |          57.57 |          79.54 |          67.11 |          72.44 
            148 |          55.84 |          79.55 |          67.52 |          72.65 
            149 |          57.35 |          80.34 |          68.01 |          73.24 
            150 |          58.14 |          78.91 |          66.41 |          71.91 
            151 |          56.46 |          80.37 |          68.20 |          72.98 
            152 |          59.47 |          79.99 |          67.90 |          72.70 
            153 |          55.05 |          80.43 |          67.97 |          72.40 
            154 |          55.36 |          80.44 |          67.98 |          72.98 
            155 |          57.93 |          80.51 |          67.91 |          72.34 
            156 |          58.29 |          80.07 |          66.36 |          71.61 
            157 |          62.99 |          80.49 |          67.82 |          72.38 
            158 |          53.17 |          80.68 |          68.49 |          72.76 
            159 |          57.05 |          80.08 |          68.23 |          72.74 
            160 |          54.54 |          80.72 |          68.33 |          72.46 
            161 |          55.47 |          80.42 |          67.77 |          71.64 
            162 |          66.11 |          80.50 |          67.59 |          72.63 
            163 |          58.70 |          80.27 |          68.66 |          72.60 
            164 |          61.00 |          80.32 |          67.83 |          72.30 
            165 |          51.94 |          80.72 |          67.99 |          72.65 
            166 |          59.48 |          80.64 |          67.95 |          71.94 
            167 |          59.12 |          81.02 |          67.93 |          72.64 
            168 |          61.98 |          81.51 |          68.06 |          72.56 
            169 |          58.97 |          81.16 |          67.96 |          73.12 
            170 |          53.82 |          80.95 |          68.43 |          72.75 
            171 |          60.90 |          80.98 |          68.73 |          72.28 
            172 |          61.79 |          81.49 |          68.57 |          72.10 
            173 |          54.69 |          81.75 |          68.25 |          72.20 
            174 |          59.23 |          81.76 |          68.10 |          71.88 
            175 |          54.52 |          80.91 |          68.54 |          72.23 
            176 |          57.91 |          81.59 |          68.86 |          72.87 
            177 |          56.76 |          81.17 |          67.65 |          72.92 
            178 |          62.67 |          81.53 |          68.42 |          72.83 
            179 |          57.69 |          81.49 |          68.77 |          72.64 
            180 |          56.40 |          82.02 |          68.87 |          73.18 
            181 |          56.47 |          81.85 |          69.68 |          73.40 
            182 |          55.34 |          81.52 |          68.65 |          72.95 
            183 |          57.44 |          82.12 |          69.32 |          73.91 
            184 |          50.05 |          82.22 |          69.80 |          73.62 
            185 |          54.92 |          82.05 |          68.75 |          73.69 
            186 |          56.30 |          81.87 |          68.21 |          73.43 
            187 |          54.51 |          82.24 |          69.06 |          72.79 
            188 |          52.26 |          81.92 |          69.42 |          73.76 
            189 |          54.94 |          81.98 |          68.70 |          73.20 
            190 |          51.34 |          82.09 |          68.30 |          72.82 
            191 |          55.74 |          82.75 |          68.88 |          73.22 
            192 |          52.15 |          82.09 |          68.51 |          73.12 
            193 |          54.40 |          81.87 |          68.44 |          73.08 
            194 |          54.59 |          81.92 |          68.41 |          73.44 
            195 |          54.29 |          82.75 |          69.95 |          73.04 
            196 |          63.70 |          83.06 |          69.19 |          73.27 
            197 |          57.63 |          82.32 |          69.35 |          73.25 
            198 |          54.31 |          82.78 |          69.34 |          73.63 
            199 |          56.71 |          82.27 |          69.09 |          73.32 
            200 |          55.70 |          82.24 |          68.46 |          73.37 
            201 |          52.82 |          82.53 |          68.37 |          73.69 
            202 |          57.86 |          82.72 |          68.36 |          73.61 
            203 |          55.37 |          83.00 |          68.86 |          73.25 
            204 |          58.61 |          83.25 |          69.03 |          73.82 
            205 |          55.17 |          82.35 |          68.88 |          73.33 
            206 |          51.16 |          82.52 |          68.25 |          73.50 
            207 |          54.32 |          82.26 |          68.22 |          72.97 
            208 |          48.08 |          82.49 |          68.86 |          73.02 
            209 |          55.64 |          83.20 |          69.55 |          73.70 
            210 |          54.51 |          82.83 |          69.29 |          73.54 
            211 |          56.29 |          83.55 |          69.55 |          73.70 
            212 |          56.93 |          83.02 |          69.15 |          73.45 
            213 |          48.14 |          82.57 |          69.09 |          73.54 
            214 |          53.38 |          83.05 |          69.44 |          73.52 
            215 |          53.06 |          82.97 |          68.65 |          73.03 
            216 |          52.33 |          82.95 |          69.51 |          73.49 
            217 |          49.16 |          82.73 |          69.34 |          73.53 
            218 |          51.92 |          83.39 |          68.90 |          73.72 
            219 |          57.93 |          83.33 |          68.88 |          73.34 
            220 |          57.82 |          83.82 |          69.17 |          73.54 
            221 |          51.81 |          83.70 |          69.24 |          74.20 
            222 |          53.25 |          82.30 |          68.44 |          73.39 
            223 |          53.66 |          83.47 |          69.71 |          73.99 
            224 |          51.79 |          82.89 |          69.61 |          73.60 
            225 |          51.39 |          82.55 |          68.60 |          73.35 
            226 |          54.60 |          83.09 |          68.48 |          72.83 
            227 |          50.62 |          83.44 |          69.56 |          73.74 
            228 |          57.93 |          83.54 |          69.04 |          73.74 
            229 |          51.82 |          83.64 |          69.10 |          74.01 
            230 |          55.27 |          83.60 |          68.97 |          73.25 
            231 |          51.50 |          82.87 |          68.85 |          73.50 
            232 |          53.66 |          83.71 |          68.98 |          74.06 
            233 |          53.84 |          83.54 |          68.81 |          73.18 
            234 |          56.14 |          83.83 |          69.08 |          73.54 
            235 |          51.38 |          83.75 |          68.70 |          73.63 
            236 |          48.39 |          83.24 |          68.89 |          73.27 
            237 |          52.44 |          83.50 |          68.97 |          73.69 
            238 |          50.09 |          83.99 |          68.72 |          73.10 
            239 |          52.27 |          83.30 |          69.00 |          73.28 
            240 |          56.15 |          83.69 |          69.47 |          73.90 
            241 |          52.92 |          84.14 |          69.24 |          73.06 
            242 |          53.50 |          83.57 |          69.19 |          73.64 
            243 |          54.66 |          83.42 |          69.16 |          73.55 
            244 |          57.00 |          84.26 |          69.64 |          74.10 
            245 |          48.15 |          84.04 |          69.55 |          73.34 
            246 |          51.38 |          84.03 |          68.85 |          72.88 
            247 |          55.77 |          84.05 |          69.28 |          73.62 
            248 |          46.59 |          83.86 |          68.64 |          72.60 
            249 |          54.80 |          84.34 |          69.29 |          73.33 
            250 |          56.24 |          83.93 |          69.22 |          73.62 
            251 |          51.85 |          84.50 |          69.33 |          73.89 
            252 |          49.93 |          83.85 |          68.95 |          73.92 
            253 |          51.78 |          84.50 |          69.60 |          74.19 
            254 |          57.93 |          84.42 |          68.57 |          73.98 
            255 |          50.70 |          84.18 |          69.12 |          74.20 
            256 |          56.20 |          84.53 |          69.15 |          73.91 
            257 |          50.43 |          84.22 |          69.46 |          74.02 
            258 |          55.79 |          84.65 |          69.18 |          73.15 
            259 |          53.36 |          84.45 |          69.23 |          73.47 
            260 |          53.11 |          84.16 |          69.10 |          73.45 
            261 |          52.55 |          84.16 |          68.86 |          73.05 
            262 |          49.73 |          84.33 |          68.77 |          73.11 
            263 |          50.04 |          84.07 |          68.36 |          73.42 
            264 |          54.63 |          84.53 |          69.07 |          73.88 
            265 |          49.41 |          84.68 |          69.70 |          74.06 
            266 |          52.50 |          84.26 |          69.16 |          73.58 
            267 |          42.79 |          84.62 |          69.19 |          74.08 
            268 |          50.66 |          84.58 |          68.55 |          74.02 
            269 |          52.19 |          84.77 |          69.36 |          74.09 
            270 |          50.66 |          83.71 |          68.49 |          73.87 
            271 |          47.99 |          84.10 |          68.69 |          73.45 
            272 |          50.39 |          84.46 |          68.80 |          73.69 
            273 |          46.07 |          84.24 |          69.25 |          73.78 
            274 |          49.96 |          84.48 |          70.02 |          75.45 
            275 |          49.03 |          84.77 |          69.75 |          74.47 
            276 |          50.33 |          84.38 |          68.92 |          74.63 
            277 |          53.40 |          84.62 |          68.87 |          74.23 
            278 |          46.25 |          84.82 |          69.04 |          74.38 
            279 |          56.25 |          85.15 |          68.65 |          73.84 
            280 |          48.27 |          84.95 |          69.96 |          74.29 
            281 |          51.82 |          84.41 |          68.91 |          73.89 
            282 |          49.24 |          84.86 |          69.39 |          74.16 
            283 |          49.68 |          85.05 |          69.79 |          74.82 
            284 |          52.16 |          84.70 |          69.35 |          74.16 
            285 |          49.68 |          84.71 |          69.34 |          73.42 
            286 |          51.72 |          84.51 |          69.33 |          73.84 
            287 |          53.41 |          85.02 |          68.77 |          73.96 
            288 |          54.12 |          85.30 |          69.06 |          74.63 
            289 |          45.94 |          84.30 |          69.34 |          74.30 
            290 |          42.57 |          84.26 |          69.25 |          74.51 
            291 |          53.48 |          85.01 |          69.53 |          74.13 
            292 |          48.39 |          84.65 |          69.60 |          74.22 
            293 |          49.11 |          84.90 |          69.54 |          74.49 
            294 |          48.65 |          85.09 |          68.98 |          74.22 
            295 |          50.83 |          84.88 |          69.27 |          74.48 
            296 |          44.92 |          84.59 |          69.15 |          74.49 
            297 |          48.95 |          85.20 |          69.99 |          74.65 
            298 |          50.39 |          84.66 |          69.65 |          74.57 
            299 |          50.94 |          84.91 |          69.46 |          74.34 
            300 |          48.31 |          85.28 |          69.12 |          73.90 
            301 |          48.39 |          85.31 |          69.68 |          74.23 
            302 |          51.74 |          85.45 |          69.35 |          74.14 
            303 |          53.48 |          85.69 |          69.92 |          74.63 
            304 |          49.42 |          85.65 |          69.47 |          74.44 
            305 |          48.36 |          85.40 |          69.60 |          74.21 
            306 |          50.93 |          85.54 |          69.04 |          74.43 
            307 |          48.76 |          85.39 |          69.50 |          73.95 
            308 |          45.67 |          85.39 |          68.97 |          74.00 
            309 |          49.28 |          85.18 |          68.98 |          73.60 
            310 |          53.19 |          85.15 |          69.35 |          73.86 
            311 |          49.32 |          85.56 |          69.73 |          74.03 
            312 |          49.27 |          85.82 |          69.11 |          73.96 
            313 |          49.31 |          85.76 |          69.38 |          74.28 
            314 |          50.57 |          85.37 |          69.13 |          73.94 
            315 |          48.12 |          85.27 |          69.00 |          74.51 
            316 |          47.94 |          85.49 |          68.90 |          74.34 
            317 |          53.15 |          85.51 |          69.87 |          74.17 
            318 |          47.87 |          85.08 |          68.60 |          73.21 
            319 |          54.73 |          85.78 |          68.90 |          74.43 
            320 |          48.86 |          85.41 |          69.08 |          73.94 
            321 |          50.17 |          85.17 |          68.59 |          73.74 
            322 |          48.74 |          85.54 |          69.48 |          74.24 
            323 |          49.90 |          85.29 |          68.98 |          73.80 
            324 |          48.55 |          85.78 |          68.99 |          73.56 
            325 |          50.85 |          85.88 |          68.60 |          73.48 
            326 |          50.09 |          85.63 |          69.10 |          74.09 
            327 |          55.54 |          85.34 |          68.93 |          73.41 
            328 |          53.30 |          85.58 |          69.55 |          73.70 
            329 |          48.50 |          85.42 |          69.41 |          73.48 
            330 |          50.31 |          85.36 |          69.74 |          73.88 
            331 |          49.78 |          85.92 |          69.53 |          74.46 
            332 |          51.85 |          85.88 |          69.36 |          74.12 
            333 |          51.69 |          85.74 |          69.60 |          74.22 
            334 |          49.48 |          85.56 |          68.74 |          74.43 
            335 |          44.38 |          85.77 |          69.57 |          74.51 
            336 |          49.25 |          85.92 |          69.46 |          74.73 
            337 |          43.58 |          85.67 |          68.82 |          74.28 
            338 |          52.61 |          86.06 |          69.71 |          74.64 
            339 |          52.13 |          86.19 |          69.13 |          74.72 
            340 |          53.54 |          86.33 |          69.73 |          74.48 
            341 |          42.53 |          86.01 |          69.90 |          74.74 
            342 |          50.45 |          86.52 |          69.18 |          74.68 
            343 |          47.15 |          86.02 |          69.26 |          74.88 
            344 |          50.58 |          86.30 |          69.21 |          75.07 
            345 |          53.59 |          86.39 |          69.80 |          74.94 
            346 |          47.74 |          85.85 |          69.18 |          74.51 
            347 |          50.57 |          85.89 |          70.17 |          74.70 
            348 |          48.17 |          86.23 |          69.96 |          74.94 
            349 |          45.80 |          85.83 |          69.46 |          74.82 
            350 |          53.67 |          86.30 |          69.62 |          74.45 
            351 |          52.12 |          86.02 |          69.45 |          74.14 
            352 |          48.52 |          86.42 |          69.72 |          74.41 
            353 |          46.61 |          86.23 |          69.50 |          74.39 
            354 |          45.29 |          86.32 |          69.17 |          74.34 
            355 |          51.79 |          86.21 |          69.84 |          74.79 
            356 |          47.27 |          86.20 |          69.36 |          74.57 
            357 |          52.98 |          86.49 |          69.21 |          74.86 
            358 |          49.58 |          86.12 |          69.28 |          74.52 
            359 |          51.66 |          86.54 |          69.11 |          74.82 
            360 |          50.57 |          85.83 |          69.38 |          75.11 
            361 |          49.21 |          86.07 |          69.91 |          74.98 
            362 |          46.37 |          86.10 |          69.69 |          74.79 
            363 |          46.78 |          86.39 |          69.46 |          74.79 
            364 |          47.36 |          86.21 |          69.44 |          74.87 
            365 |          52.42 |          86.45 |          69.32 |          74.45 
            366 |          48.15 |          86.28 |          69.55 |          74.53 
            367 |          48.70 |          86.23 |          69.58 |          74.64 
            368 |          48.07 |          86.37 |          69.72 |          74.75 
            369 |          42.52 |          86.06 |          68.83 |          74.22 
            370 |          49.32 |          86.26 |          69.58 |          74.81 
            371 |          49.47 |          86.38 |          69.37 |          74.71 
            372 |          52.48 |          86.66 |          69.86 |          74.81 
            373 |          45.60 |          86.21 |          68.95 |          74.17 
            374 |          47.40 |          86.22 |          68.75 |          73.54 
            375 |          46.61 |          86.30 |          69.23 |          74.16 
            376 |          47.68 |          85.90 |          69.32 |          73.91 
            377 |          50.34 |          86.40 |          69.18 |          73.58 
            378 |          48.86 |          86.39 |          69.16 |          73.72 
            379 |          46.55 |          86.54 |          68.96 |          73.59 
            380 |          46.87 |          86.10 |          69.46 |          74.19 
            381 |          50.24 |          86.35 |          69.68 |          74.37 
            382 |          51.74 |          86.29 |          69.51 |          74.02 
            383 |          51.60 |          86.42 |          69.48 |          74.46 
            384 |          50.36 |          86.76 |          69.66 |          74.83 
            385 |          49.88 |          86.61 |          69.79 |          74.86 
            386 |          45.75 |          86.83 |          69.78 |          74.86 
            387 |          46.50 |          86.49 |          69.75 |          74.78 
            388 |          48.23 |          86.17 |          69.74 |          74.53 
            389 |          48.73 |          86.86 |          69.81 |          75.31 
            390 |          43.89 |          86.75 |          69.41 |          75.17 
            391 |          45.12 |          86.79 |          69.17 |          74.75 
            392 |          46.58 |          86.55 |          69.07 |          74.60 
            393 |          50.04 |          86.89 |          69.31 |          74.42 
            394 |          47.08 |          86.79 |          69.05 |          73.76 
            395 |          50.55 |          86.63 |          68.97 |          74.30 
            396 |          49.59 |          86.69 |          69.45 |          74.12 
            397 |          47.01 |          86.81 |          69.68 |          74.51 
            398 |          47.63 |          86.86 |          69.69 |          74.35 
            399 |          46.41 |          86.97 |          69.64 |          74.43 
            400 |          49.05 |          87.06 |          69.71 |          74.81 
            401 |          48.26 |          87.20 |          69.80 |          74.87 
            402 |          47.32 |          87.12 |          68.88 |          74.96 
            403 |          48.27 |          86.79 |          69.98 |          74.73 
            404 |          47.65 |          86.82 |          69.58 |          74.41 
            405 |          46.70 |          86.75 |          69.62 |          74.31 
            406 |          47.71 |          86.90 |          69.65 |          75.04 
            407 |          46.06 |          86.71 |          69.12 |          74.57 
            408 |          49.64 |          86.71 |          69.66 |          75.06 
            409 |          48.70 |          86.76 |          69.56 |          75.07 
            410 |          48.92 |          87.06 |          69.65 |          74.85 
            411 |          47.33 |          87.07 |          69.38 |          74.75 
            412 |          48.02 |          87.12 |          69.85 |          74.73 
            413 |          43.68 |          87.24 |          70.32 |          74.77 
            414 |          43.26 |          86.78 |          69.85 |          74.95 
            415 |          48.30 |          86.99 |          70.29 |          74.89 
            416 |          47.59 |          87.25 |          70.41 |          74.98 
            417 |          50.24 |          86.94 |          69.64 |          74.46 
            418 |          51.56 |          87.18 |          70.26 |          74.79 
            419 |          43.10 |          86.90 |          69.60 |          74.80 
            420 |          41.55 |          86.94 |          69.69 |          74.99 
            421 |          46.62 |          87.31 |          69.91 |          75.28 
            422 |          45.05 |          87.32 |          69.44 |          75.24 
            423 |          48.24 |          87.35 |          69.43 |          74.65 
            424 |          48.34 |          87.22 |          69.14 |          74.69 
            425 |          44.30 |          86.94 |          69.44 |          74.60 
            426 |          45.64 |          87.09 |          69.89 |          74.72 
            427 |          48.39 |          86.86 |          69.18 |          74.59 
            428 |          49.03 |          87.02 |          69.20 |          74.82 
            429 |          46.08 |          86.82 |          69.31 |          74.39 
            430 |          48.47 |          86.72 |          69.52 |          74.60 
            431 |          46.50 |          86.67 |          69.27 |          74.70 
            432 |          44.50 |          86.76 |          69.53 |          74.52 
            433 |          42.85 |          87.10 |          69.05 |          74.66 
            434 |          46.20 |          86.87 |          69.68 |          74.36 
            435 |          47.69 |          87.04 |          69.31 |          74.74 
            436 |          41.42 |          87.20 |          69.23 |          74.31 
            437 |          50.20 |          87.23 |          69.37 |          74.95 
            438 |          45.31 |          87.36 |          69.11 |          74.80 
            439 |          50.37 |          87.19 |          68.99 |          74.23 
            440 |          45.53 |          87.31 |          69.26 |          74.71 
            441 |          49.72 |          87.30 |          69.35 |          75.01 
            442 |          51.01 |          87.36 |          69.41 |          75.05 
            443 |          47.89 |          87.51 |          68.97 |          74.92 
            444 |          47.59 |          87.51 |          69.60 |          75.44 
            445 |          52.45 |          87.66 |          69.44 |          75.29 
            446 |          47.36 |          87.70 |          69.57 |          74.77 
            447 |          50.82 |          87.35 |          69.53 |          74.88 
            448 |          44.92 |          87.49 |          69.36 |          75.20 
            449 |          46.54 |          87.52 |          70.00 |          74.52 
            450 |          50.36 |          87.42 |          69.53 |          74.55 
            451 |          43.32 |          87.35 |          69.84 |          74.20 
            452 |          44.02 |          87.36 |          69.62 |          74.05 
            453 |          46.78 |          87.81 |          69.10 |          74.72 
            454 |          50.87 |          87.58 |          69.81 |          74.78 
            455 |          52.10 |          87.67 |          69.33 |          74.95 
            456 |          45.94 |          87.85 |          69.72 |          75.03 
            457 |          45.62 |          87.86 |          69.81 |          75.38 
            458 |          45.76 |          87.52 |          69.64 |          75.14 
            459 |          44.31 |          87.73 |          69.86 |          75.21 
            460 |          47.00 |          87.32 |          69.91 |          74.46 
            461 |          43.87 |          87.31 |          69.66 |          74.78 
            462 |          47.40 |          87.88 |          69.53 |          75.12 
            463 |          45.03 |          87.61 |          69.70 |          75.31 
            464 |          46.55 |          87.71 |          69.49 |          75.11 
            465 |          46.52 |          87.76 |          70.10 |          74.59 
            466 |          51.25 |          87.66 |          69.49 |          74.80 
            467 |          46.05 |          88.14 |          69.54 |          75.35 
            468 |          47.42 |          87.52 |          69.72 |          74.76 
            469 |          46.64 |          87.24 |          69.59 |          74.39 
            470 |          45.01 |          87.88 |          69.62 |          74.63 
            471 |          43.09 |          87.76 |          69.36 |          74.34 
            472 |          45.20 |          87.62 |          69.44 |          74.61 
            473 |          46.87 |          87.57 |          69.42 |          74.59 
            474 |          45.56 |          87.75 |          69.80 |          74.80 
            475 |          47.47 |          87.61 |          69.82 |          74.80 
            476 |          44.88 |          88.14 |          69.74 |          74.76 
            477 |          44.63 |          87.96 |          69.67 |          75.03 
            478 |          47.81 |          88.09 |          69.86 |          74.66 
            479 |          46.37 |          87.99 |          69.65 |          74.66 
            480 |          52.39 |          88.05 |          69.81 |          74.50 
            481 |          47.68 |          87.94 |          69.97 |          74.96 
            482 |          43.19 |          88.03 |          69.64 |          74.38 
            483 |          43.48 |          87.88 |          69.28 |          74.65 
            484 |          44.20 |          88.15 |          70.43 |          74.69 
            485 |          42.77 |          88.11 |          70.03 |          74.88 
            486 |          43.21 |          87.92 |          69.87 |          75.05 
            487 |          44.98 |          87.86 |          70.10 |          74.75 
            488 |          47.14 |          88.03 |          69.86 |          75.30 
            489 |          44.64 |          88.24 |          70.31 |          75.23 
            490 |          44.98 |          88.00 |          69.44 |          75.07 
            491 |          45.09 |          87.88 |          69.68 |          75.02 
            492 |          48.12 |          88.08 |          69.91 |          74.51 
            493 |          43.09 |          87.90 |          70.22 |          74.88 
            494 |          45.43 |          88.28 |          69.80 |          75.17 
            495 |          44.07 |          88.16 |          70.13 |          75.32 
            496 |          46.35 |          87.86 |          70.51 |          75.25 
            497 |          45.56 |          88.02 |          70.75 |          75.73 
            498 |          50.54 |          88.38 |          70.18 |          75.10 
            499 |          45.28 |          87.99 |          70.80 |          75.31 
            500 |          48.05 |          88.19 |          70.30 |          75.55 
            501 |          43.59 |          88.15 |          70.25 |          75.53 
            502 |          47.79 |          87.98 |          70.55 |          75.26 
            503 |          45.86 |          87.87 |          70.19 |          74.77 
            504 |          44.03 |          88.09 |          70.29 |          74.91 
            505 |          45.72 |          87.73 |          70.16 |          75.07 
            506 |          40.58 |          88.24 |          70.09 |          74.88 
            507 |          45.54 |          88.26 |          70.16 |          74.86 
            508 |          45.48 |          88.31 |          69.84 |          74.59 
            509 |          47.90 |          88.40 |          70.33 |          75.31 
            510 |          47.46 |          88.17 |          70.18 |          75.47 
            511 |          44.54 |          88.38 |          70.62 |          75.45 
            512 |          42.58 |          88.35 |          70.59 |          75.85 
            513 |          42.47 |          88.43 |          70.57 |          75.46 
            514 |          47.17 |          88.17 |          70.60 |          75.78 
            515 |          48.38 |          88.51 |          70.29 |          75.63 
            516 |          43.82 |          88.44 |          70.09 |          75.13 
            517 |          47.46 |          88.47 |          70.40 |          75.50 
            518 |          42.48 |          88.66 |          69.92 |          75.05 
            519 |          40.03 |          88.79 |          70.39 |          75.56 
            520 |          47.01 |          88.47 |          70.14 |          75.50 
            521 |          44.58 |          88.56 |          70.37 |          75.28 
            522 |          41.88 |          88.61 |          70.67 |          74.97 
            523 |          45.47 |          88.44 |          70.44 |          75.41 
            524 |          43.13 |          88.25 |          70.41 |          74.86 
            525 |          47.81 |          88.57 |          70.54 |          75.15 
            526 |          46.17 |          88.56 |          69.76 |          75.13 
            527 |          40.19 |          88.48 |          70.15 |          74.63 
            528 |          41.94 |          88.80 |          70.20 |          75.03 
            529 |          42.04 |          88.52 |          70.27 |          75.29 
            530 |          44.94 |          88.57 |          70.46 |          75.24 
            531 |          41.85 |          88.42 |          70.33 |          75.21 
            532 |          41.70 |          88.70 |          70.11 |          75.58 
            533 |          40.78 |          88.49 |          69.92 |          75.21 
            534 |          43.45 |          88.53 |          70.03 |          74.90 
            535 |          42.83 |          88.39 |          70.76 |          75.41 
            536 |          46.24 |          88.50 |          70.66 |          75.63 
            537 |          42.33 |          88.55 |          70.65 |          75.72 
            538 |          46.51 |          88.68 |          70.41 |          75.25 
            539 |          42.97 |          88.41 |          70.65 |          75.06 
            540 |          39.72 |          88.62 |          70.52 |          75.15 
            541 |          41.19 |          88.52 |          70.55 |          75.23 
            542 |          47.33 |          88.54 |          70.60 |          74.90 
            543 |          44.34 |          88.47 |          70.27 |          75.07 
            544 |          46.21 |          88.58 |          70.44 |          74.92 
            545 |          46.00 |          88.88 |          70.25 |          75.28 
            546 |          43.48 |          88.73 |          70.29 |          75.42 
            547 |          43.28 |          88.79 |          70.33 |          75.70 
            548 |          42.85 |          88.83 |          70.40 |          75.91 
            549 |          44.39 |          88.59 |          70.73 |          75.82 
            550 |          47.03 |          88.59 |          70.71 |          75.76 
            551 |          41.21 |          88.68 |          70.77 |          75.78 
            552 |          45.02 |          88.71 |          70.62 |          75.23 
            553 |          42.52 |          88.80 |          70.38 |          75.64 
            554 |          47.25 |          88.63 |          70.42 |          75.14 
            555 |          48.76 |          88.47 |          70.44 |          74.77 
            556 |          41.63 |          88.79 |          70.44 |          75.39 
            557 |          45.16 |          88.63 |          70.50 |          75.37 
            558 |          45.76 |          88.85 |          70.01 |          75.46 
            559 |          45.20 |          88.78 |          70.20 |          75.37 
            560 |          40.35 |          88.61 |          70.76 |          75.08 
            561 |          38.90 |          88.91 |          70.36 |          75.18 
            562 |          44.10 |          89.15 |          70.14 |          74.99 
            563 |          43.55 |          89.05 |          70.31 |          75.22 
            564 |          44.40 |          88.88 |          70.46 |          75.26 
            565 |          49.28 |          88.99 |          70.35 |          74.98 
            566 |          43.62 |          88.79 |          70.39 |          75.13 
            567 |          46.46 |          89.03 |          70.51 |          75.37 
            568 |          45.76 |          89.02 |          70.56 |          75.80 
            569 |          45.99 |          88.92 |          70.37 |          75.98 
            570 |          46.73 |          88.73 |          70.67 |          75.62 
            571 |          46.85 |          89.21 |          70.63 |          75.69 
            572 |          43.82 |          88.99 |          70.71 |          75.82 
            573 |          43.52 |          89.19 |          70.12 |          75.41 
            574 |          46.14 |          89.10 |          70.48 |          75.37 
            575 |          41.57 |          89.10 |          69.97 |          74.82 
            576 |          48.12 |          89.00 |          70.04 |          74.73 
            577 |          43.11 |          89.35 |          70.20 |          74.83 
            578 |          42.54 |          89.09 |          70.37 |          75.60 
            579 |          42.43 |          89.19 |          70.10 |          75.69 
            580 |          42.78 |          89.06 |          70.67 |          76.17 
            581 |          45.06 |          89.20 |          70.16 |          75.83 
            582 |          38.83 |          89.28 |          70.56 |          75.89 
            583 |          44.84 |          89.27 |          70.55 |          76.20 
            584 |          42.03 |          89.19 |          70.15 |          75.56 
            585 |          46.81 |          89.01 |          70.78 |          75.76 
            586 |          47.15 |          89.25 |          70.35 |          75.40 
            587 |          43.85 |          89.04 |          70.65 |          75.25 
            588 |          42.65 |          88.99 |          70.66 |          75.13 
            589 |          41.68 |          88.90 |          70.81 |          75.31 
            590 |          52.02 |          88.88 |          70.65 |          75.19 
            591 |          40.53 |          88.94 |          70.17 |          75.20 
            592 |          43.87 |          88.91 |          70.92 |          75.48 
            593 |          42.89 |          89.12 |          70.34 |          75.20 
            594 |          42.46 |          89.16 |          69.77 |          75.09 
            595 |          42.70 |          89.38 |          70.85 |          75.04 
            596 |          41.41 |          89.22 |          70.32 |          75.04 
            597 |          49.02 |          89.40 |          70.55 |          75.34 
            598 |          41.74 |          89.25 |          70.12 |          75.01 
            599 |          47.86 |          89.24 |          70.32 |          75.38 
            600 |          45.48 |          89.30 |          70.57 |          75.45 
            601 |          42.76 |          89.34 |          70.33 |          75.53 
            602 |          41.22 |          89.29 |          70.48 |          75.66 
            603 |          44.92 |          89.34 |          70.58 |          75.63 
            604 |          49.99 |          89.35 |          70.45 |          75.41 
            605 |          43.75 |          89.39 |          70.23 |          75.38 
            606 |          44.83 |          89.31 |          70.97 |          75.95 
            607 |          44.11 |          89.47 |          70.48 |          75.62 
            608 |          44.16 |          89.35 |          70.48 |          75.85 
            609 |          47.37 |          89.46 |          70.87 |          75.97 
            610 |          46.91 |          89.34 |          70.56 |          75.52 
            611 |          41.17 |          89.11 |          70.67 |          75.58 
            612 |          43.30 |          89.51 |          70.33 |          75.73 
            613 |          44.06 |          89.34 |          70.62 |          76.01 
            614 |          43.15 |          89.51 |          70.56 |          76.17 
            615 |          44.42 |          89.52 |          70.54 |          75.88 
            616 |          43.34 |          89.56 |          70.41 |          75.12 
            617 |          42.00 |          89.43 |          70.58 |          75.04 
            618 |          41.22 |          89.47 |          70.52 |          75.33 
            619 |          43.43 |          89.55 |          70.46 |          75.66 
            620 |          39.04 |          89.49 |          70.32 |          75.52 
            621 |          45.57 |          89.34 |          70.30 |          75.48 
            622 |          43.33 |          89.32 |          69.92 |          75.32 
            623 |          46.09 |          89.58 |          70.32 |          75.19 
            624 |          40.63 |          89.41 |          69.94 |          75.32 
            625 |          47.93 |          89.49 |          70.47 |          75.46 
            626 |          40.59 |          89.42 |          70.82 |          75.55 
            627 |          42.22 |          89.41 |          70.64 |          75.50 
            628 |          42.88 |          89.35 |          70.54 |          75.76 
            629 |          38.75 |          89.52 |          70.53 |          75.85 
            630 |          44.81 |          89.28 |          70.54 |          76.23 
            631 |          41.71 |          89.47 |          70.23 |          75.82 
            632 |          41.39 |          89.42 |          70.86 |          75.48 
            633 |          43.76 |          89.45 |          70.60 |          75.78 
            634 |          43.76 |          89.52 |          70.63 |          75.92 
            635 |          48.22 |          89.45 |          70.66 |          75.50 
            636 |          46.03 |          89.48 |          70.39 |          75.67 
            637 |          42.38 |          89.53 |          70.54 |          75.29 
            638 |          44.41 |          89.31 |          70.47 |          75.56 
            639 |          41.65 |          89.45 |          70.36 |          75.30 
            640 |          43.89 |          89.60 |          70.63 |          75.48 
            641 |          42.74 |          89.28 |          70.60 |          75.69 
            642 |          37.98 |          89.22 |          70.36 |          75.70 
            643 |          40.33 |          89.24 |          70.44 |          75.70 
            644 |          39.22 |          89.49 |          70.51 |          75.61 
            645 |          43.61 |          89.41 |          70.45 |          75.69 
            646 |          43.46 |          89.48 |          70.54 |          75.38 
            647 |          41.21 |          89.64 |          70.78 |          75.69 
            648 |          45.40 |          89.67 |          71.08 |          75.71 
            649 |          43.04 |          89.58 |          70.62 |          75.67 
            650 |          37.61 |          89.51 |          70.92 |          75.63 
            651 |          43.14 |          89.45 |          70.96 |          75.57 
            652 |          44.73 |          89.63 |          70.99 |          75.80 
            653 |          39.00 |          89.44 |          71.06 |          75.75 
            654 |          40.27 |          89.46 |          71.16 |          75.51 
            655 |          42.50 |          89.55 |          71.36 |          75.83 
            656 |          44.56 |          89.53 |          70.98 |          75.47 
            657 |          46.13 |          89.68 |          70.94 |          75.85 
            658 |          43.19 |          89.59 |          70.81 |          75.55 
            659 |          43.53 |          89.77 |          70.18 |          75.31 
            660 |          41.74 |          89.48 |          70.80 |          76.02 
            661 |          42.39 |          89.55 |          70.47 |          75.74 
            662 |          42.73 |          89.66 |          70.56 |          75.82 
            663 |          44.16 |          89.74 |          70.32 |          75.07 
            664 |          41.99 |          89.69 |          70.19 |          74.87 
            665 |          41.12 |          89.65 |          70.75 |          75.56 
            666 |          45.26 |          89.77 |          70.29 |          75.35 
            667 |          42.86 |          89.68 |          70.76 |          75.46 
            668 |          42.59 |          89.80 |          70.62 |          75.35 
            669 |          39.41 |          89.64 |          70.26 |          75.57 
            670 |          38.87 |          89.74 |          70.44 |          75.29 
            671 |          40.72 |          89.68 |          70.29 |          75.31 
            672 |          40.70 |          89.66 |          70.52 |          75.19 
            673 |          43.74 |          89.84 |          70.59 |          75.29 
            674 |          49.22 |          89.62 |          70.11 |          75.02 
            675 |          39.67 |          89.48 |          70.58 |          75.46 
            676 |          41.57 |          89.38 |          71.18 |          75.41 
            677 |          40.17 |          89.63 |          70.53 |          75.22 
            678 |          47.54 |          89.69 |          70.66 |          74.98 
            679 |          41.73 |          89.79 |          70.81 |          75.16 
            680 |          46.19 |          89.61 |          70.83 |          75.21 
            681 |          42.37 |          89.75 |          70.50 |          75.79 
            682 |          45.18 |          89.78 |          70.47 |          75.20 
            683 |          42.58 |          89.69 |          70.88 |          75.49 
            684 |          38.91 |          89.81 |          70.61 |          75.78 
            685 |          42.01 |          89.67 |          70.73 |          75.92 
            686 |          39.85 |          89.76 |          70.81 |          75.93 
            687 |          42.83 |          89.59 |          70.36 |          75.66 
            688 |          42.55 |          89.88 |          70.45 |          75.74 
            689 |          40.98 |          89.71 |          70.66 |          75.36 
            690 |          40.74 |          89.75 |          70.96 |          75.94 
            691 |          42.95 |          89.83 |          71.29 |          75.78 
            692 |          46.45 |          89.93 |          70.98 |          75.66 
            693 |          44.60 |          89.84 |          70.73 |          75.98 
            694 |          40.57 |          89.81 |          70.65 |          75.78 
            695 |          46.29 |          89.81 |          70.95 |          75.33 
            696 |          42.82 |          89.85 |          71.00 |          75.69 
            697 |          41.90 |          89.79 |          70.74 |          75.86 
            698 |          44.08 |          89.86 |          71.19 |          75.92 
            699 |          42.21 |          89.88 |          71.19 |          75.79 
            700 |          38.69 |          89.83 |          71.18 |          75.84 
            701 |          38.12 |          89.85 |          71.12 |          75.64 
            702 |          37.97 |          89.73 |          71.08 |          75.61 
            703 |          38.79 |          89.93 |          71.26 |          76.08 
            704 |          43.75 |          90.01 |          70.81 |          75.81 
            705 |          39.59 |          89.96 |          71.01 |          75.48 
            706 |          43.24 |          90.07 |          70.73 |          75.74 
            707 |          40.93 |          89.94 |          71.11 |          75.95 
            708 |          42.23 |          89.91 |          71.08 |          75.61 
            709 |          45.04 |          89.93 |          70.78 |          75.74 
            710 |          43.66 |          89.95 |          70.69 |          75.33 
            711 |          42.41 |          89.91 |          70.69 |          75.23 
            712 |          47.10 |          89.92 |          70.58 |          75.14 
            713 |          41.19 |          89.85 |          70.95 |          75.31 
            714 |          37.87 |          89.63 |          70.73 |          75.04 
            715 |          38.93 |          89.81 |          70.44 |          74.96 
            716 |          44.10 |          90.12 |          70.47 |          75.48 
            717 |          43.40 |          89.94 |          70.62 |          75.31 
            718 |          44.50 |          89.81 |          70.92 |          75.84 
            719 |          41.77 |          89.59 |          70.80 |          75.55 
            720 |          42.88 |          89.72 |          70.76 |          75.34 
            721 |          40.75 |          89.92 |          70.51 |          75.27 
            722 |          40.36 |          89.89 |          70.85 |          74.97 
            723 |          41.91 |          90.12 |          70.60 |          75.41 
            724 |          42.46 |          89.84 |          70.99 |          75.35 
            725 |          41.83 |          89.77 |          71.12 |          75.33 
            726 |          41.81 |          89.89 |          71.06 |          75.49 
            727 |          43.62 |          90.03 |          70.96 |          75.43 
            728 |          42.55 |          89.99 |          71.15 |          75.63 
            729 |          43.47 |          89.96 |          71.49 |          75.82 
            730 |          44.30 |          89.89 |          71.47 |          75.67 
            731 |          42.95 |          89.93 |          70.94 |          75.31 
            732 |          45.54 |          90.06 |          70.81 |          75.50 
            733 |          43.07 |          89.99 |          70.69 |          75.23 
            734 |          41.51 |          90.17 |          70.56 |          75.44 
            735 |          42.49 |          90.07 |          70.42 |          75.17 
            736 |          41.73 |          90.20 |          70.54 |          75.20 
            737 |          44.49 |          90.26 |          70.26 |          75.19 
            738 |          43.89 |          90.12 |          70.55 |          74.98 
            739 |          36.70 |          90.08 |          70.50 |          75.42 
            740 |          37.64 |          90.17 |          70.03 |          75.14 
            741 |          38.87 |          90.19 |          70.30 |          75.48 
            742 |          39.42 |          90.39 |          70.41 |          75.71 
            743 |          39.18 |          90.22 |          70.20 |          75.66 
            744 |          41.69 |          90.07 |          70.90 |          75.75 
            745 |          44.28 |          90.25 |          70.93 |          76.19 
            746 |          46.10 |          90.20 |          71.03 |          76.21 
            747 |          43.47 |          90.22 |          70.79 |          76.01 
            748 |          41.97 |          90.34 |          70.87 |          76.08 
            749 |          47.34 |          90.19 |          70.64 |          76.32 
            750 |          44.69 |          90.27 |          70.33 |          76.06 
            751 |          44.38 |          90.38 |          71.08 |          76.18 
            752 |          44.51 |          90.36 |          71.05 |          76.00 
            753 |          40.39 |          90.31 |          71.19 |          76.23 
            754 |          40.64 |          90.33 |          70.94 |          76.33 
            755 |          43.24 |          90.11 |          70.75 |          76.51 
            756 |          43.22 |          90.13 |          71.01 |          75.85 
            757 |          42.26 |          90.26 |          70.44 |          75.60 
            758 |          41.61 |          90.14 |          70.88 |          75.97 
            759 |          40.50 |          90.11 |          70.78 |          76.19 
            760 |          39.50 |          90.30 |          71.03 |          76.10 
            761 |          43.81 |          90.24 |          71.02 |          75.89 
            762 |          38.42 |          90.16 |          70.93 |          75.80 
            763 |          39.54 |          90.19 |          70.71 |          76.04 
            764 |          43.72 |          90.29 |          70.58 |          76.25 
            765 |          42.56 |          90.15 |          70.98 |          76.15 
            766 |          38.82 |          90.38 |          70.73 |          75.84 
            767 |          41.62 |          90.29 |          71.27 |          76.16 
            768 |          37.21 |          90.27 |          70.98 |          76.13 
            769 |          40.17 |          90.24 |          71.04 |          76.06 
            770 |          39.29 |          90.18 |          71.04 |          76.07 
            771 |          42.56 |          90.50 |          70.68 |          75.64 
            772 |          45.89 |          90.50 |          70.83 |          75.59 
            773 |          43.24 |          90.20 |          70.95 |          75.85 
            774 |          42.14 |          90.43 |          70.41 |          75.90 
            775 |          40.74 |          90.21 |          70.92 |          75.70 
            776 |          39.96 |          90.31 |          70.45 |          75.54 
            777 |          38.49 |          90.27 |          70.58 |          75.78 
            778 |          41.25 |          90.28 |          70.59 |          75.80 
            779 |          43.32 |          90.28 |          70.73 |          75.73 
            780 |          42.59 |          90.08 |          70.63 |          76.05 
            781 |          42.02 |          90.20 |          70.71 |          75.87 
            782 |          39.12 |          90.26 |          70.79 |          76.07 
            783 |          41.74 |          90.41 |          70.68 |          75.85 
            784 |          47.31 |          90.13 |          70.68 |          75.66 
            785 |          45.82 |          90.26 |          70.58 |          75.66 
            786 |          40.97 |          90.44 |          70.69 |          75.72 
            787 |          38.97 |          90.17 |          70.71 |          75.44 
            788 |          39.37 |          90.34 |          70.79 |          75.56 
            789 |          42.35 |          90.31 |          70.75 |          75.70 
            790 |          39.20 |          90.39 |          70.95 |          75.58 
            791 |          40.33 |          90.15 |          70.56 |          75.90 
            792 |          42.64 |          90.36 |          70.92 |          75.77 
            793 |          37.85 |          90.07 |          71.02 |          75.65 
            794 |          45.87 |          90.36 |          70.69 |          75.61 
            795 |          43.31 |          90.34 |          70.56 |          75.54 
            796 |          41.08 |          90.41 |          71.18 |          75.51 
            797 |          42.26 |          90.38 |          70.69 |          75.77 
            798 |          43.93 |          90.35 |          70.88 |          75.46 
            799 |          37.85 |          90.45 |          70.96 |          75.22 
            800 |          38.49 |          90.23 |          70.68 |          75.50 
            801 |          42.49 |          90.29 |          70.85 |          75.31 
            802 |          39.90 |          90.33 |          70.95 |          75.45 
            803 |          38.41 |          90.34 |          70.86 |          75.40 
            804 |          44.69 |          90.53 |          70.91 |          75.80 
            805 |          45.38 |          90.46 |          70.73 |          75.50 
            806 |          42.82 |          90.41 |          70.63 |          75.60 
            807 |          45.03 |          90.25 |          70.56 |          75.61 
            808 |          38.78 |          90.50 |          70.44 |          75.59 
            809 |          39.63 |          90.36 |          71.09 |          75.69 
            810 |          41.18 |          90.50 |          71.32 |          75.92 
            811 |          39.14 |          90.40 |          71.15 |          75.57 
            812 |          44.87 |          90.16 |          71.32 |          75.70 
            813 |          43.11 |          90.28 |          71.41 |          75.42 
            814 |          44.39 |          90.37 |          71.22 |          75.50 
            815 |          44.20 |          90.42 |          70.84 |          75.17 
            816 |          44.39 |          90.42 |          70.85 |          75.35 
            817 |          39.30 |          90.32 |          70.83 |          75.34 
            818 |          36.82 |          90.41 |          70.76 |          75.40 
            819 |          37.66 |          90.18 |          70.37 |          75.46 
            820 |          38.24 |          90.27 |          70.56 |          75.52 
            821 |          42.67 |          90.63 |          70.61 |          75.52 
            822 |          37.30 |          90.53 |          70.75 |          75.18 
            823 |          42.14 |          90.52 |          70.77 |          75.31 
            824 |          40.34 |          90.64 |          70.78 |          75.21 
            825 |          44.35 |          90.42 |          71.02 |          75.72 
            826 |          41.67 |          90.51 |          71.18 |          75.38 
            827 |          42.95 |          90.61 |          70.93 |          75.31 
            828 |          41.40 |          90.58 |          70.80 |          75.23 
            829 |          44.47 |          90.42 |          71.12 |          75.40 
            830 |          45.77 |          90.56 |          70.79 |          75.13 
            831 |          39.78 |          90.40 |          70.87 |          75.12 
            832 |          42.29 |          90.53 |          70.85 |          75.24 
            833 |          39.38 |          90.52 |          71.01 |          75.47 
            834 |          41.23 |          90.45 |          70.91 |          75.74 
            835 |          37.21 |          90.38 |          70.96 |          75.60 
            836 |          41.62 |          90.45 |          71.18 |          75.82 
            837 |          38.68 |          90.47 |          71.13 |          75.59 
            838 |          39.48 |          90.56 |          71.10 |          75.65 
            839 |          36.62 |          90.66 |          71.12 |          75.68 
            840 |          38.41 |          90.73 |          71.18 |          75.52 
            841 |          38.04 |          90.78 |          71.14 |          75.86 
            842 |          39.45 |          90.65 |          70.75 |          75.66 
            843 |          39.53 |          90.70 |          71.12 |          75.56 
            844 |          36.36 |          90.72 |          70.95 |          75.58 
            845 |          40.34 |          90.52 |          71.10 |          75.80 
            846 |          39.51 |          90.72 |          70.93 |          75.58 
            847 |          40.22 |          90.47 |          71.15 |          75.78 
            848 |          41.41 |          90.65 |          70.97 |          75.93 
            849 |          41.53 |          90.66 |          70.92 |          75.87 
            850 |          41.87 |          90.67 |          71.25 |          75.63 
            851 |          39.06 |          90.63 |          71.37 |          75.86 
            852 |          37.27 |          90.68 |          71.32 |          75.88 
            853 |          43.05 |          90.38 |          71.05 |          76.02 
            854 |          42.61 |          90.67 |          70.92 |          75.69 
            855 |          44.09 |          90.75 |          70.77 |          75.53 
            856 |          42.42 |          90.78 |          70.92 |          75.84 
            857 |          35.75 |          90.65 |          70.90 |          75.68 
            858 |          37.65 |          90.73 |          70.70 |          75.75 
            859 |          40.08 |          90.63 |          70.81 |          75.81 
            860 |          42.66 |          90.55 |          70.84 |          75.99 
            861 |          42.60 |          90.56 |          71.07 |          75.91 
            862 |          37.97 |          90.48 |          70.64 |          75.85 
            863 |          34.25 |          90.46 |          71.00 |          75.75 
            864 |          38.58 |          90.41 |          70.90 |          75.89 
            865 |          37.40 |          90.48 |          71.01 |          75.88 
            866 |          38.83 |          90.74 |          70.93 |          75.68 
            867 |          45.30 |          90.73 |          71.07 |          75.70 
            868 |          43.39 |          90.79 |          70.99 |          75.90 
            869 |          41.83 |          90.63 |          71.03 |          75.65 
            870 |          36.74 |          90.56 |          70.93 |          75.53 
            871 |          39.74 |          90.68 |          70.75 |          75.41 
            872 |          35.77 |          90.59 |          71.23 |          75.52 
            873 |          37.52 |          90.57 |          71.16 |          75.47 
            874 |          40.59 |          90.61 |          70.98 |          75.68 
            875 |          41.11 |          90.52 |          71.13 |          75.69 
            876 |          41.94 |          90.78 |          70.94 |          75.66 
            877 |          41.92 |          91.01 |          70.77 |          75.47 
            878 |          38.13 |          90.87 |          70.88 |          75.72 
            879 |          43.87 |          90.87 |          70.97 |          75.58 
            880 |          36.21 |          90.97 |          71.15 |          75.74 
            881 |          39.44 |          90.81 |          71.01 |          75.50 
            882 |          40.58 |          90.97 |          71.16 |          75.93 
            883 |          44.97 |          90.98 |          70.62 |          75.97 
            884 |          41.29 |          90.65 |          70.57 |          75.81 
            885 |          39.87 |          90.92 |          70.35 |          75.47 
            886 |          41.74 |          90.87 |          70.33 |          75.59 
            887 |          39.33 |          90.75 |          70.68 |          75.83 
            888 |          39.41 |          91.06 |          70.55 |          75.71 
            889 |          41.31 |          90.80 |          71.20 |          76.25 
            890 |          38.37 |          91.00 |          71.15 |          76.01 
            891 |          44.68 |          91.06 |          71.02 |          75.75 
            892 |          42.12 |          90.84 |          70.87 |          76.00 
            893 |          42.07 |          90.78 |          70.97 |          76.03 
            894 |          46.89 |          90.78 |          70.72 |          75.77 
            895 |          43.82 |          90.96 |          70.99 |          75.89 
            896 |          41.85 |          90.86 |          70.67 |          75.93 
            897 |          38.84 |          90.86 |          70.86 |          75.82 
            898 |          38.31 |          91.01 |          70.65 |          75.96 
            899 |          41.14 |          91.09 |          70.96 |          75.97 
            900 |          39.01 |          90.96 |          70.54 |          75.89 
            901 |          39.68 |          90.88 |          70.89 |          75.80 
            902 |          40.65 |          90.77 |          70.70 |          75.88 
            903 |          42.78 |          90.74 |          70.85 |          75.80 
            904 |          42.72 |          90.63 |          70.89 |          75.77 
            905 |          40.01 |          90.61 |          70.81 |          75.80 
            906 |          40.08 |          90.95 |          71.02 |          76.04 
            907 |          41.24 |          91.02 |          70.75 |          75.99 
            908 |          40.15 |          90.89 |          70.86 |          75.80 
            909 |          36.03 |          90.83 |          70.80 |          75.77 
            910 |          36.98 |          90.74 |          71.04 |          75.84 
            911 |          42.02 |          90.86 |          71.13 |          75.83 
            912 |          39.38 |          90.86 |          70.85 |          75.90 
            913 |          40.79 |          90.98 |          70.62 |          75.74 
            914 |          38.50 |          90.85 |          70.85 |          76.15 
            915 |          39.63 |          90.77 |          70.54 |          76.10 
            916 |          39.00 |          90.82 |          70.53 |          75.66 
            917 |          38.92 |          90.95 |          70.62 |          75.66 
            918 |          38.13 |          90.91 |          70.36 |          75.97 
            919 |          41.48 |          90.92 |          70.49 |          75.51 
            920 |          40.32 |          91.04 |          70.41 |          75.91 
            921 |          39.12 |          90.98 |          70.35 |          75.50 
            922 |          39.84 |          90.98 |          70.66 |          75.62 
            923 |          39.12 |          90.85 |          70.97 |          75.77 
            924 |          40.50 |          91.07 |          70.89 |          75.81 
            925 |          38.99 |          90.88 |          70.94 |          75.89 
            926 |          40.28 |          90.93 |          71.21 |          75.98 
            927 |          43.68 |          90.99 |          71.01 |          75.87 
            928 |          38.91 |          91.08 |          71.05 |          75.76 
            929 |          36.63 |          90.84 |          71.12 |          75.68 
            930 |          38.29 |          90.79 |          71.19 |          75.83 
            931 |          38.62 |          90.90 |          70.92 |          75.84 
            932 |          37.00 |          90.73 |          70.29 |          75.91 
            933 |          42.66 |          90.98 |          70.75 |          75.92 
            934 |          40.57 |          91.03 |          70.66 |          75.93 
            935 |          42.76 |          91.06 |          70.90 |          76.07 
            936 |          38.28 |          91.03 |          71.03 |          75.97 
            937 |          36.55 |          90.95 |          70.63 |          75.96 
            938 |          39.99 |          90.90 |          71.08 |          76.13 
            939 |          41.10 |          91.10 |          71.17 |          75.97 
            940 |          35.81 |          90.94 |          71.18 |          76.12 
            941 |          40.93 |          91.05 |          71.01 |          76.00 
            942 |          39.30 |          91.06 |          70.88 |          75.89 
            943 |          43.34 |          91.05 |          70.72 |          76.06 
            944 |          39.51 |          91.08 |          70.91 |          76.10 
            945 |          39.99 |          91.03 |          71.16 |          76.03 
            946 |          37.84 |          91.07 |          70.99 |          76.12 
            947 |          38.10 |          91.07 |          71.14 |          76.12 
            948 |          37.20 |          91.10 |          71.29 |          76.15 
            949 |          43.85 |          91.09 |          71.06 |          76.06 
            950 |          43.76 |          91.13 |          70.81 |          76.02 
            951 |          40.88 |          91.05 |          70.87 |          76.16 
            952 |          41.00 |          91.21 |          70.84 |          76.07 
            953 |          40.83 |          91.25 |          71.05 |          75.99 
            954 |          42.11 |          91.21 |          70.82 |          75.77 
            955 |          40.24 |          91.16 |          70.41 |          75.86 
            956 |          37.59 |          90.97 |          70.62 |          75.98 
            957 |          40.73 |          91.06 |          70.78 |          75.94 
            958 |          38.98 |          90.96 |          70.59 |          75.93 
            959 |          40.63 |          90.89 |          71.14 |          75.96 
            960 |          35.93 |          90.95 |          70.86 |          76.04 
            961 |          37.69 |          91.01 |          70.95 |          76.16 
            962 |          40.60 |          91.21 |          71.03 |          75.97 
            963 |          39.58 |          91.01 |          71.24 |          75.98 
            964 |          39.33 |          91.08 |          71.23 |          75.90 
            965 |          39.27 |          91.10 |          70.92 |          75.97 
            966 |          39.80 |          91.14 |          71.00 |          75.81 
            967 |          44.18 |          91.12 |          71.19 |          75.83 
            968 |          42.30 |          91.23 |          71.07 |          75.94 
            969 |          39.08 |          91.09 |          71.37 |          76.11 
            970 |          37.63 |          91.16 |          71.35 |          76.06 
            971 |          42.78 |          91.26 |          71.41 |          76.07 
            972 |          45.01 |          91.26 |          70.95 |          76.17 
            973 |          37.64 |          91.18 |          71.18 |          75.92 
            974 |          41.04 |          91.20 |          71.30 |          76.04 
            975 |          41.36 |          91.17 |          71.07 |          75.98 
            976 |          40.15 |          91.27 |          70.66 |          75.99 
            977 |          39.30 |          91.17 |          70.76 |          75.79 
            978 |          41.12 |          91.25 |          70.90 |          75.95 
            979 |          40.30 |          91.08 |          70.76 |          75.51 
            980 |          43.17 |          91.30 |          71.30 |          76.10 
            981 |          37.98 |          91.20 |          71.66 |          75.99 
            982 |          41.32 |          91.06 |          71.49 |          75.90 
            983 |          42.61 |          91.23 |          71.35 |          75.93 
            984 |          39.48 |          91.16 |          71.28 |          75.95 
            985 |          40.01 |          91.10 |          71.55 |          76.12 
            986 |          39.03 |          91.21 |          71.04 |          75.81 
            987 |          40.82 |          91.35 |          71.22 |          75.88 
            988 |          42.25 |          91.31 |          71.51 |          75.89 
            989 |          42.18 |          90.99 |          71.36 |          76.19 
            990 |          39.89 |          91.25 |          70.93 |          75.68 
            991 |          39.76 |          91.28 |          70.80 |          75.60 
            992 |          38.03 |          91.28 |          71.05 |          75.69 
            993 |          33.57 |          91.25 |          71.32 |          75.88 
            994 |          42.37 |          91.29 |          70.87 |          75.57 
            995 |          40.68 |          91.44 |          71.10 |          75.83 
            996 |          36.51 |          91.31 |          70.99 |          75.87 
            997 |          37.66 |          91.29 |          71.07 |          75.62 
            998 |          40.35 |          91.25 |          71.82 |          76.19 
            999 |          41.82 |          91.32 |          71.93 |          76.01 
--------------------------------------------------------------------------------------
Final eval on test, "save best", best epoch on dev 999, f1-macro, test = 76.01)
--------------------------------------------------------------------------------------
F1 scores
------------------------
              0 = f1 = 84.39, precision = 88.20, recall = 80.89
             CA = f1 = 53.95, precision = 62.76, recall = 47.31
             CC = f1 = 79.54, precision = 77.11, recall = 82.13
             CI = f1 = 74.97, precision = 72.09, recall = 78.09
             CP = f1 = 87.20, precision = 86.05, recall = 88.38
------------------------
Macro-F1 = 76.008Macro-Prescion = 77.239Macro-Recall = 75.361
              precision    recall  f1-score   support

          CP       0.86      0.88      0.87       921
           0       0.88      0.81      0.84      1654
          CI       0.72      0.78      0.75      1164
          CA       0.63      0.47      0.54       260
          CC       0.77      0.82      0.80      1214

   micro avg       0.80      0.80      0.80      5213
   macro avg       0.77      0.75      0.76      5213
weighted avg       0.80      0.80      0.80      5213


Input arguments:
python3 main.py --train data/targer/targer_train.txt --dev data/targer/targer_dev.txt --test data/targer/targer_test.txt --data-io connl-ner-2003 --model BiRNN --embedding-dim 768 --opt adam --save-best yes --patience 100 --rnn-hidden-dim 200 --gpu 2 --epoch-num 1000 --evaluator f1-macro --xlnet True --path_to_bert xlnet-base-cased --special_bert True --lr_bert 0.00005 --logname targer-xlnet-base-capri-patence=100-rnn-hidden-dim=200-epochs=1000-lr_bert0.00005-frozen=TRUE.log --report-fn targer-xlnet-base-capri-patence=100-rnn-hidden-dim=200-epochs=1000-lr_bert0.00005-frozen=TRUE.txt --save targer-xlnet-base-capri-patence=100-rnn-hidden-dim=200-epochs=1000-lr_bert0.00005-frozen=TRUE.hdf5 --bert_frozen TRUE

76.0084