Evaluation

batch_size=10
bert=False
bert_frozen=True
char_cnn_filter_num=30
char_embeddings_dim=25
char_window_size=3
check_for_lowercase=True
clip_grad=5
cross_fold_id=-1
cross_folds_num=-1
data_io='connl-ner-2003'
dataset_sort=False
dev='data/targer/targer_dev.txt'
dropout_ratio=0.5
elmo=False
elmo_options_fn='embeddings/elmo_2x4096_512_2048cnn_2xhighway_5.5B_options.json'
elmo_weights_fn='/home/vika/targer/embeddings/elmo_2x4096_512_2048cnn_2xhighway_5.5B_weights.hdf5'
emb_delimiter=' '
emb_dim=100
emb_fn='embeddings/glove.6B.100d.txt'
emb_load_all=False
embedding_dim=768
epoch_num=500
evaluator='f1-macro'
freeze_char_embeddings=False
freeze_word_embeddings=False
gpu=2
load=None
logname='targer-default-capri-patence=200-rnn-hidden-dim=200-epochs=500.log'
lr=0.005
lr_bert=2e-06
lr_decay=0.05
min_epoch_num=50
model='BiRNN'
momentum=0.9
opt='adam'
path_to_bert='pretrained'
patience=200
report_fn='targer-default-capri-patence=200-rnn-hidden-dim=200-epochs=500.txt'
rnn_hidden_dim=200
rnn_type='LSTM'
save='targer-default-capri-patence=200-rnn-hidden-dim=200-epochs=500.hdf5'
save_best=True
seed_num=42
special_bert=False
splitter='\t'
test='data/targer/targer_test.txt'
train='data/targer/targer_train.txt'
verbose=True
word_len=20
word_seq_indexer=None

         epoch  |     train loss | f1-macro-train |   f1-macro-dev |  f1-macro-test 
--------------------------------------------------------------------------------------
              0 |         605.09 |           0.05 |           0.05 |           0.06 
              1 |         538.02 |           0.07 |           0.06 |           0.07 
              2 |         494.02 |           0.09 |           0.08 |           0.09 
              3 |         503.99 |           0.09 |           0.07 |           0.08 
              4 |         505.86 |           0.07 |           0.08 |           0.07 
              5 |         505.45 |           0.09 |           0.08 |           0.08 
              6 |         526.09 |           0.09 |           0.09 |           0.09 
              7 |         505.62 |           0.08 |           0.07 |           0.08 
              8 |         501.42 |           0.12 |           0.09 |           0.10 
              9 |         490.34 |           0.09 |           0.08 |           0.09 
             10 |         482.48 |           0.09 |           0.08 |           0.08 
             11 |         510.11 |           0.13 |           0.09 |           0.10 
             12 |         490.97 |           0.12 |           0.09 |           0.09 
             13 |         475.90 |           0.16 |           0.09 |           0.10 
             14 |         473.30 |           0.11 |           0.08 |           0.10 
             15 |         467.11 |           0.17 |           0.13 |           0.10 
             16 |         479.10 |           0.16 |           0.13 |           0.10 
             17 |         471.85 |           0.14 |           0.13 |           0.11 
             18 |         455.71 |           0.17 |           0.09 |           0.10 
             19 |         465.70 |           0.14 |           0.08 |           0.08 
             20 |         460.84 |           0.19 |           0.08 |           0.11 
             21 |         441.39 |           0.21 |           0.09 |           0.11 
             22 |         450.15 |           0.22 |           0.09 |           0.10 
             23 |         464.31 |           0.27 |           0.14 |           0.12 
             24 |         442.07 |           0.23 |           0.10 |           0.11 
             25 |         441.23 |           0.30 |           0.10 |           0.13 
             26 |         432.59 |           0.31 |           0.10 |           0.13 
             27 |         438.65 |           0.36 |           0.13 |           0.16 
             28 |         440.38 |           0.42 |           0.13 |           0.14 
             29 |         426.90 |           0.48 |           0.20 |           0.16 
             30 |         415.83 |           0.36 |           0.15 |           0.13 
             31 |         430.30 |           0.41 |           0.21 |           0.16 
             32 |         420.63 |           0.43 |           0.10 |           0.11 
             33 |         423.16 |           0.52 |           0.20 |           0.17 
             34 |         441.82 |           0.56 |           0.12 |           0.12 
             35 |         408.95 |           0.59 |           0.17 |           0.10 
             36 |         435.25 |           0.51 |           0.11 |           0.10 
             37 |         430.47 |           0.53 |           0.13 |           0.13 
             38 |         428.37 |           0.64 |           0.13 |           0.13 
             39 |         408.58 |           0.64 |           0.12 |           0.12 
             40 |         411.67 |           0.70 |           0.09 |           0.10 
             41 |         395.87 |           0.62 |           0.09 |           0.10 
             42 |         392.41 |           0.75 |           0.10 |           0.10 
             43 |         420.13 |           0.79 |           0.14 |           0.11 
             44 |         412.26 |           0.73 |           0.10 |           0.12 
             45 |         420.33 |           0.73 |           0.12 |           0.10 
             46 |         415.96 |           0.68 |           0.09 |           0.14 
             47 |         403.33 |           0.92 |           0.18 |           0.13 
             48 |         393.63 |           1.04 |           0.19 |           0.12 
             49 |         414.36 |           0.75 |           0.17 |           0.13 
             50 |         404.73 |           0.99 |           0.14 |           0.14 
             51 |         385.57 |           1.13 |           0.12 |           0.14 
             52 |         402.02 |           1.19 |           0.21 |           0.19 
             53 |         391.51 |           1.05 |           0.20 |           0.16 
             54 |         414.80 |           1.20 |           0.22 |           0.16 
             55 |         393.52 |           1.16 |           0.19 |           0.15 
             56 |         390.57 |           1.14 |           0.18 |           0.17 
             57 |         399.86 |           1.15 |           0.22 |           0.23 
             58 |         392.59 |           1.09 |           0.19 |           0.18 
             59 |         392.65 |           1.18 |           0.27 |           0.24 
             60 |         380.36 |           1.21 |           0.20 |           0.17 
             61 |         388.62 |           1.31 |           0.22 |           0.16 
             62 |         400.79 |           1.20 |           0.18 |           0.19 
             63 |         371.82 |           1.19 |           0.17 |           0.12 
             64 |         392.37 |           1.32 |           0.19 |           0.23 
             65 |         385.65 |           1.33 |           0.19 |           0.19 
             66 |         391.80 |           1.56 |           0.18 |           0.20 
             67 |         389.96 |           1.32 |           0.26 |           0.25 
             68 |         394.21 |           1.40 |           0.16 |           0.13 
             69 |         393.09 |           1.42 |           0.15 |           0.12 
             70 |         402.89 |           1.27 |           0.15 |           0.10 
             71 |         387.12 |           1.61 |           0.10 |           0.11 
             72 |         382.66 |           1.58 |           0.12 |           0.13 
             73 |         398.21 |           1.66 |           0.13 |           0.11 
             74 |         370.98 |           1.88 |           0.13 |           0.12 
             75 |         383.11 |           1.92 |           0.16 |           0.19 
             76 |         394.67 |           1.73 |           0.15 |           0.26 
             77 |         388.45 |           1.69 |           0.14 |           0.13 
             78 |         379.62 |           1.51 |           0.15 |           0.16 
             79 |         380.76 |           1.58 |           0.11 |           0.13 
             80 |         389.48 |           1.61 |           0.20 |           0.14 
             81 |         370.44 |           1.75 |           0.17 |           0.18 
             82 |         375.80 |           1.60 |           0.15 |           0.15 
             83 |         400.64 |           1.62 |           0.17 |           0.14 
             84 |         369.93 |           1.40 |           0.15 |           0.13 
             85 |         384.39 |           1.48 |           0.18 |           0.12 
             86 |         374.99 |           1.62 |           0.12 |           0.10 
             87 |         366.92 |           1.59 |           0.18 |           0.11 
             88 |         382.98 |           1.62 |           0.15 |           0.12 
             89 |         387.36 |           1.58 |           0.16 |           0.23 
             90 |         385.51 |           1.63 |           0.11 |           0.21 
             91 |         377.37 |           1.72 |           0.18 |           0.28 
             92 |         373.15 |           1.59 |           0.19 |           0.18 
             93 |         377.47 |           1.62 |           0.16 |           0.14 
             94 |         373.82 |           1.53 |           0.18 |           0.20 
             95 |         376.40 |           1.56 |           0.19 |           0.24 
             96 |         384.51 |           1.60 |           0.16 |           0.18 
             97 |         377.00 |           1.51 |           0.14 |           0.13 
             98 |         373.20 |           1.66 |           0.16 |           0.14 