Evaluation

batch_size=10
bert=False
bert_frozen=True
char_cnn_filter_num=30
char_embeddings_dim=25
char_window_size=3
check_for_lowercase=True
clip_grad=5
cross_fold_id=-1
cross_folds_num=-1
data_io='connl-ner-2003'
dataset_sort=False
dev='data/targer/targer_dev.txt'
dropout_ratio=0.5
elmo=False
elmo_options_fn='embeddings/elmo_2x4096_512_2048cnn_2xhighway_5.5B_options.json'
elmo_weights_fn='/home/vika/targer/embeddings/elmo_2x4096_512_2048cnn_2xhighway_5.5B_weights.hdf5'
emb_delimiter=' '
emb_dim=100
emb_fn='embeddings/glove.6B.100d.txt'
emb_load_all=False
embedding_dim=768
epoch_num=10000
evaluator='f1-alpha-match-10'
freeze_char_embeddings=False
freeze_word_embeddings=False
gpu=5
load=None
logname='targer-xlnet-base-capri-patence=100-rnn-hidden-dim=500-epochs=10000-lr_bert0.005-frozen=TRUE-lr-modelBiRNNCRF-evalf1-alpha-match-10.log'
lr=0.005
lr_bert=0.005
lr_decay=0.05
min_epoch_num=50
model='BiRNNCRF'
momentum=0.9
opt='adam'
path_to_bert='xlnet-base-cased'
patience=100
report_fn='targer-xlnet-base-capri-patence=100-rnn-hidden-dim=500-epochs=10000-lr_bert0.005-frozen=TRUE-lr-modelBiRNNCRF-evalf1-alpha-match-10.txt'
rnn_hidden_dim=500
rnn_type='LSTM'
save='targer-xlnet-base-capri-patence=100-rnn-hidden-dim=500-epochs=10000-lr_bert0.005-frozen=TRUE-lr-modelBiRNNCRF-evalf1-alpha-match-10.hdf5'
save_best=True
seed_num=42
special_bert=False
splitter=' '
test='data/targer/targer_test.txt'
train='data/targer/targer_train.txt'
verbose=True
word_len=20
word_seq_indexer=None
xlnet=True

         epoch  |     train loss | f1-alpha-match-10-train | f1-alpha-match-10-dev | f1-alpha-match-10-test 
--------------------------------------------------------------------------------------------------------------
              0 |        1133.80 |          35.71 |          34.73 |          35.97 
              1 |        1050.73 |          34.14 |          33.28 |          34.86 
              2 |         971.64 |          40.33 |          40.27 |          41.84 
              3 |         924.93 |          39.04 |          38.44 |          40.29 
              4 |         870.06 |          43.29 |          43.39 |          45.00 
              5 |         971.65 |          40.10 |          39.06 |          40.02 
              6 |         887.33 |          40.61 |          40.67 |          41.94 
              7 |         826.85 |          43.59 |          43.10 |          45.41 
              8 |         850.36 |          44.18 |          44.24 |          45.64 
              9 |         876.02 |          41.71 |          40.98 |          42.94 
             10 |         827.37 |          44.78 |          44.27 |          46.62 
             11 |         834.96 |          44.22 |          44.08 |          45.83 
             12 |         782.89 |          46.02 |          45.45 |          46.86 
             13 |         817.03 |          45.81 |          45.24 |          47.75 
             14 |         815.39 |          45.14 |          44.00 |          45.81 
             15 |         764.30 |          44.53 |          44.15 |          46.32 
             16 |         772.74 |          45.93 |          45.71 |          47.38 
             17 |         864.26 |          46.05 |          46.08 |          47.78 
             18 |         811.93 |          45.55 |          44.37 |          47.14 
             19 |         857.31 |          46.28 |          45.02 |          47.79 
             20 |         845.76 |          46.57 |          46.00 |          47.74 
             21 |         769.47 |          46.51 |          45.27 |          47.78 
             22 |         840.88 |          46.44 |          44.69 |          47.36 
             23 |         816.82 |          46.87 |          46.26 |          48.41 
             24 |         808.96 |          46.90 |          46.41 |          48.17 
             25 |         817.73 |          46.42 |          45.00 |          47.08 
             26 |         732.80 |          47.56 |          46.74 |          48.85 
             27 |         795.39 |          47.97 |          46.82 |          49.58 
             28 |         758.80 |          46.94 |          46.01 |          48.96 
             29 |         734.63 |          48.22 |          47.52 |          49.02 
             30 |         792.70 |          47.30 |          47.68 |          48.23 
             31 |         740.25 |          49.35 |          48.12 |          49.72 
             32 |         730.88 |          47.02 |          46.74 |          48.56 
             33 |         857.74 |          47.65 |          46.88 |          48.67 
             34 |         749.00 |          48.71 |          48.20 |          49.53 
             35 |         703.96 |          49.33 |          48.34 |          50.49 
             36 |         813.11 |          47.33 |          46.97 |          48.72 
             37 |         771.72 |          47.49 |          45.76 |          47.73 
             38 |         798.57 |          48.65 |          47.57 |          49.57 
             39 |         704.46 |          45.84 |          43.59 |          45.31 
             40 |         796.74 |          48.61 |          46.50 |          48.47 
             41 |         766.36 |          49.51 |          47.83 |          49.73 
             42 |         750.08 |          46.83 |          45.20 |          46.31 
             43 |         777.55 |          47.96 |          48.19 |          49.11 
             44 |         708.05 |          48.29 |          47.65 |          49.28 
             45 |         791.56 |          48.14 |          48.43 |          50.11 
             46 |         812.71 |          49.48 |          48.21 |          50.41 
             47 |         759.51 |          48.72 |          48.21 |          50.17 
             48 |         758.83 |          48.34 |          47.46 |          49.31 
             49 |         720.61 |          48.75 |          46.82 |          49.07 
             50 |         725.37 |          49.53 |          48.28 |          51.11 
             51 |         746.03 |          49.48 |          48.99 |          51.12 
             52 |         675.98 |          48.36 |          48.43 |          49.92 
             53 |         707.30 |          49.36 |          48.64 |          49.90 
             54 |         711.55 |          50.35 |          48.62 |          51.18 
             55 |         720.62 |          46.66 |          44.33 |          46.13 
             56 |         744.77 |          48.90 |          48.15 |          49.36 
             57 |         742.47 |          49.63 |          48.41 |          50.31 
             58 |         756.37 |          49.79 |          48.49 |          50.43 
             59 |         720.92 |          48.47 |          48.13 |          49.70 
             60 |         704.81 |          49.89 |          48.70 |          51.02 
             61 |         694.95 |          49.22 |          48.60 |          49.93 
             62 |         745.87 |          50.15 |          49.58 |          50.95 
             63 |         694.73 |          50.10 |          48.70 |          50.84 
             64 |         652.38 |          50.67 |          50.53 |          51.84 
             65 |         691.08 |          51.46 |          50.09 |          52.45 
             66 |         708.08 |          50.88 |          49.89 |          51.87 
             67 |         689.27 |          50.01 |          47.54 |          49.40 
             68 |         734.03 |          51.28 |          49.71 |          51.36 
             69 |         693.75 |          50.37 |          48.66 |          50.16 
             70 |         714.35 |          50.53 |          49.22 |          51.66 
             71 |         749.18 |          51.15 |          50.30 |          52.46 
             72 |         674.22 |          50.86 |          50.70 |          51.94 
             73 |         711.47 |          50.96 |          50.49 |          51.79 
             74 |         715.66 |          51.55 |          49.96 |          52.86 
             75 |         666.32 |          51.28 |          49.98 |          52.67 
             76 |         701.05 |          51.01 |          50.03 |          52.05 
             77 |         708.26 |          50.35 |          49.32 |          50.96 
             78 |         721.96 |          51.40 |          50.22 |          52.15 
             79 |         649.44 |          51.13 |          50.34 |          52.49 
             80 |         655.55 |          50.27 |          48.98 |          51.53 
             81 |         695.13 |          49.71 |          49.49 |          51.31 
             82 |         716.05 |          51.25 |          49.96 |          52.01 
             83 |         652.19 |          51.53 |          50.88 |          52.13 
             84 |         703.20 |          51.08 |          49.45 |          51.55 
             85 |         662.47 |          52.02 |          50.03 |          51.86 
             86 |         784.41 |          52.05 |          50.02 |          52.52 
             87 |         745.44 |          52.70 |          50.01 |          52.47 
             88 |         690.56 |          51.95 |          50.97 |          52.57 
             89 |         724.37 |          52.49 |          51.24 |          53.07 
             90 |         662.77 |          51.77 |          49.92 |          52.70 
             91 |         728.32 |          51.60 |          49.48 |          51.84 
             92 |         724.43 |          52.17 |          49.86 |          52.16 
             93 |         617.89 |          52.40 |          50.40 |          52.44 
             94 |         718.91 |          52.03 |          50.85 |          53.13 
             95 |         663.34 |          52.37 |          50.69 |          52.68 
             96 |         672.00 |          52.72 |          50.80 |          52.98 
             97 |         681.00 |          52.72 |          51.19 |          53.73 
             98 |         671.28 |          52.59 |          50.60 |          52.51 
             99 |         677.48 |          52.63 |          50.22 |          52.20 
            100 |         674.93 |          52.57 |          50.81 |          52.72 
            101 |         661.01 |          52.42 |          50.83 |          52.88 
            102 |         654.70 |          52.30 |          50.65 |          52.10 
            103 |         667.32 |          52.32 |          50.41 |          53.01 
            104 |         678.24 |          52.41 |          51.29 |          52.81 
            105 |         666.26 |          53.34 |          51.34 |          53.65 
            106 |         677.74 |          53.16 |          51.52 |          53.82 
            107 |         643.64 |          53.18 |          51.86 |          53.57 
            108 |         660.06 |          53.13 |          51.19 |          53.42 
            109 |         651.72 |          53.84 |          51.80 |          53.96 
            110 |         685.62 |          52.57 |          50.10 |          52.99 
            111 |         656.03 |          52.41 |          50.12 |          52.91 
            112 |         694.70 |          53.38 |          51.28 |          53.70 
            113 |         688.73 |          53.40 |          51.35 |          53.73 
            114 |         698.06 |          53.96 |          51.05 |          53.53 
            115 |         661.46 |          53.29 |          51.99 |          53.89 
            116 |         654.93 |          54.02 |          51.30 |          53.27 
            117 |         611.20 |          54.20 |          51.55 |          54.22 
            118 |         753.46 |          53.87 |          51.49 |          53.94 
            119 |         666.17 |          53.85 |          51.81 |          54.33 
            120 |         620.18 |          54.32 |          52.40 |          55.09 
            121 |         685.94 |          54.08 |          52.10 |          53.95 
            122 |         655.23 |          53.60 |          52.10 |          54.74 
            123 |         577.14 |          53.56 |          52.44 |          54.45 
            124 |         671.39 |          54.04 |          51.95 |          54.25 
            125 |         613.20 |          54.54 |          52.16 |          54.80 
            126 |         615.12 |          53.86 |          51.90 |          55.49 
            127 |         683.95 |          53.54 |          52.10 |          54.47 
            128 |         639.23 |          53.54 |          51.96 |          54.53 
            129 |         592.44 |          53.64 |          52.19 |          54.77 
            130 |         641.46 |          54.31 |          52.12 |          54.35 
            131 |         676.75 |          54.66 |          51.82 |          54.44 
            132 |         674.58 |          53.78 |          52.18 |          54.45 
            133 |         629.42 |          53.85 |          51.14 |          53.93 
            134 |         584.91 |          54.24 |          50.74 |          53.54 
            135 |         691.69 |          54.74 |          52.82 |          54.37 
            136 |         613.97 |          54.35 |          51.26 |          53.58 
            137 |         680.22 |          54.07 |          52.78 |          54.45 
            138 |         647.09 |          54.21 |          52.17 |          54.45 
            139 |         726.31 |          53.87 |          51.63 |          54.22 
            140 |         614.04 |          54.31 |          51.22 |          53.84 
            141 |         578.78 |          53.92 |          51.37 |          53.77 
            142 |         687.73 |          54.47 |          51.81 |          53.50 
            143 |         609.90 |          54.90 |          52.42 |          54.00 
            144 |         608.66 |          55.30 |          53.07 |          54.46 
            145 |         625.91 |          55.12 |          52.94 |          54.70 
            146 |         659.87 |          55.82 |          53.19 |          55.21 
            147 |         636.27 |          55.41 |          52.69 |          54.96 
            148 |         609.99 |          55.47 |          53.46 |          55.36 
            149 |         612.04 |          55.30 |          53.25 |          55.76 
            150 |         583.24 |          55.47 |          52.05 |          53.27 
            151 |         602.00 |          55.35 |          53.62 |          54.91 
            152 |         611.76 |          54.61 |          52.33 |          55.28 
            153 |         577.57 |          54.92 |          52.15 |          55.05 
            154 |         597.55 |          54.64 |          52.91 |          55.56 
            155 |         599.44 |          55.62 |          53.20 |          56.41 
            156 |         615.28 |          56.02 |          52.59 |          55.06 
            157 |         676.26 |          55.44 |          53.35 |          55.48 
            158 |         599.22 |          55.87 |          53.71 |          55.80 
            159 |         602.62 |          55.26 |          53.25 |          55.09 
            160 |         578.10 |          55.72 |          53.88 |          55.79 
            161 |         599.03 |          55.79 |          53.15 |          55.82 
            162 |         692.18 |          55.59 |          52.61 |          55.39 
            163 |         612.35 |          54.86 |          53.36 |          55.42 
            164 |         604.23 |          55.76 |          52.38 |          55.86 
            165 |         562.73 |          56.61 |          52.60 |          56.49 
            166 |         628.42 |          56.79 |          53.26 |          55.85 
            167 |         636.21 |          55.93 |          53.64 |          55.84 
            168 |         664.42 |          56.92 |          53.61 |          55.92 
            169 |         627.40 |          55.95 |          53.25 |          55.68 
            170 |         554.89 |          56.45 |          53.99 |          56.11 
            171 |         628.04 |          56.16 |          54.03 |          56.02 
            172 |         644.28 |          56.47 |          53.46 |          56.02 
            173 |         568.19 |          57.34 |          53.66 |          56.82 
            174 |         641.62 |          56.76 |          53.25 |          55.74 
            175 |         599.25 |          56.53 |          53.10 |          55.78 
            176 |         614.61 |          56.27 |          53.60 |          55.98 
            177 |         648.46 |          56.12 |          53.14 |          56.36 
            178 |         660.77 |          57.35 |          54.73 |          57.46 
            179 |         631.02 |          57.41 |          54.20 |          56.69 
            180 |         632.83 |          57.14 |          53.98 |          57.32 
            181 |         593.46 |          57.10 |          53.63 |          56.59 
            182 |         613.17 |          56.92 |          53.57 |          56.16 
            183 |         610.29 |          57.26 |          53.75 |          56.33 
            184 |         563.36 |          57.85 |          54.52 |          55.96 
            185 |         588.81 |          57.14 |          54.05 |          57.00 
            186 |         627.98 |          57.80 |          53.81 |          56.44 
            187 |         591.21 |          57.22 |          53.71 |          55.68 
            188 |         613.13 |          57.16 |          54.36 |          56.02 
            189 |         620.48 |          57.92 |          54.97 |          57.06 
            190 |         549.93 |          56.91 |          54.67 |          56.13 
            191 |         596.12 |          58.47 |          54.98 |          56.80 
            192 |         581.26 |          58.20 |          54.35 |          56.25 
            193 |         591.70 |          57.61 |          54.28 |          56.26 
            194 |         570.65 |          57.32 |          54.00 |          56.20 
            195 |         592.73 |          58.56 |          55.01 |          57.26 
            196 |         677.78 |          58.80 |          54.95 |          57.49 
            197 |         608.98 |          58.40 |          54.35 |          56.76 
            198 |         573.56 |          57.38 |          54.10 |          56.86 
            199 |         576.67 |          58.43 |          55.26 |          57.73 
            200 |         562.30 |          58.19 |          54.24 |          56.78 
            201 |         560.38 |          58.39 |          54.43 |          57.98 
            202 |         613.16 |          59.32 |          55.32 |          58.04 
            203 |         595.29 |          59.66 |          55.61 |          57.43 
            204 |         590.52 |          60.07 |          55.97 |          58.13 
            205 |         578.93 |          58.63 |          55.47 |          57.63 
            206 |         532.72 |          60.44 |          55.04 |          57.38 
            207 |         565.46 |          59.12 |          55.40 |          58.17 
            208 |         543.32 |          58.39 |          54.32 |          56.67 
            209 |         552.49 |          59.21 |          55.42 |          57.81 
            210 |         587.32 |          59.48 |          55.21 |          58.40 
            211 |         652.39 |          59.27 |          55.59 |          58.02 
            212 |         618.25 |          59.84 |          55.05 |          58.46 
            213 |         547.60 |          59.05 |          55.25 |          58.23 
            214 |         591.50 |          59.46 |          54.79 |          57.44 
            215 |         565.87 |          59.23 |          53.85 |          57.51 
            216 |         533.50 |          59.09 |          54.94 |          58.05 
            217 |         531.06 |          59.14 |          55.00 |          58.16 
            218 |         586.99 |          59.67 |          54.58 |          58.76 
            219 |         630.68 |          59.13 |          54.44 |          58.12 
            220 |         632.79 |          60.26 |          54.81 |          57.67 
            221 |         559.23 |          59.86 |          54.82 |          57.94 
            222 |         561.35 |          58.99 |          54.42 |          58.33 
            223 |         593.19 |          59.74 |          54.72 |          58.56 
            224 |         588.74 |          60.02 |          54.15 |          58.70 
            225 |         542.19 |          59.89 |          54.75 |          59.16 
            226 |         586.68 |          59.16 |          54.18 |          57.62 
            227 |         541.00 |          59.94 |          54.84 |          58.00 
            228 |         624.90 |          60.33 |          55.41 |          59.00 
            229 |         560.69 |          60.44 |          55.06 |          58.61 
            230 |         615.80 |          60.23 |          55.26 |          58.12 
            231 |         550.78 |          60.74 |          55.78 |          58.49 
            232 |         581.07 |          61.83 |          55.84 |          60.01 
            233 |         578.49 |          61.58 |          55.63 |          58.88 
            234 |         584.18 |          61.13 |          55.90 |          59.23 
            235 |         548.05 |          60.59 |          55.74 |          58.92 
            236 |         531.93 |          61.28 |          56.16 |          59.67 
            237 |         590.25 |          60.19 |          55.28 |          59.58 
            238 |         515.15 |          61.19 |          55.03 |          59.56 
            239 |         576.93 |          60.48 |          55.32 |          59.17 
            240 |         608.73 |          61.19 |          55.59 |          59.28 
            241 |         599.40 |          61.98 |          55.16 |          59.77 
            242 |         587.38 |          61.22 |          55.30 |          59.25 
            243 |         580.06 |          60.16 |          54.74 |          58.08 
            244 |         595.84 |          61.30 |          55.93 |          59.04 
            245 |         526.31 |          61.33 |          55.92 |          59.51 
            246 |         556.27 |          61.14 |          56.19 |          58.36 
            247 |         617.08 |          60.24 |          55.40 |          59.00 
            248 |         507.26 |          60.68 |          54.86 |          58.71 
            249 |         594.67 |          60.99 |          54.38 |          57.97 
            250 |         592.02 |          61.94 |          55.24 |          59.14 
            251 |         539.45 |          60.77 |          54.85 |          59.11 
            252 |         527.48 |          60.39 |          54.81 |          58.97 
            253 |         542.87 |          60.64 |          55.01 |          59.08 
            254 |         637.61 |          60.94 |          55.34 |          58.79 
            255 |         553.24 |          60.47 |          55.26 |          60.09 
            256 |         583.57 |          60.99 |          55.19 |          59.54 
            257 |         547.65 |          60.89 |          55.05 |          58.79 
            258 |         637.74 |          61.09 |          55.61 |          59.08 
            259 |         625.53 |          60.49 |          55.93 |          59.06 
            260 |         591.31 |          60.22 |          55.54 |          58.98 
            261 |         607.58 |          60.77 |          54.73 |          58.55 
            262 |         550.85 |          61.63 |          55.53 |          58.92 
            263 |         553.13 |          60.52 |          54.35 |          57.88 
            264 |         619.01 |          61.05 |          55.17 |          59.01 
            265 |         536.83 |          60.76 |          55.21 |          58.52 
            266 |         564.52 |          61.07 |          55.18 |          58.61 
            267 |         487.87 |          61.10 |          55.33 |          59.13 
            268 |         529.06 |          61.29 |          55.14 |          59.25 
            269 |         591.77 |          61.95 |          55.86 |          59.81 
            270 |         545.51 |          61.47 |          55.33 |          59.37 
            271 |         501.24 |          61.72 |          55.45 |          59.08 
            272 |         539.81 |          62.36 |          55.39 |          60.13 
            273 |         485.35 |          62.47 |          56.14 |          60.11 
            274 |         548.31 |          61.93 |          55.67 |          59.63 
            275 |         563.90 |          61.98 |          55.97 |          60.12 
            276 |         556.05 |          62.02 |          55.96 |          59.58 
            277 |         587.82 |          62.30 |          56.06 |          59.30 
            278 |         508.89 |          62.14 |          55.28 |          58.98 
            279 |         603.47 |          62.45 |          55.64 |          59.76 
            280 |         521.38 |          62.35 |          56.39 |          59.98 
            281 |         561.30 |          61.74 |          55.88 |          59.09 
            282 |         546.79 |          62.53 |          56.60 |          60.45 
            283 |         526.68 |          62.31 |          55.96 |          60.07 
            284 |         559.84 |          62.93 |          57.00 |          60.83 
            285 |         581.24 |          63.10 |          56.94 |          60.79 
            286 |         571.93 |          62.81 |          57.39 |          60.67 
            287 |         580.45 |          63.54 |          56.67 |          61.15 
            288 |         546.90 |          63.97 |          56.07 |          60.95 
            289 |         519.32 |          61.56 |          56.32 |          59.45 
            290 |         455.73 |          62.15 |          56.49 |          59.70 
            291 |         583.65 |          62.73 |          57.45 |          60.46 
            292 |         508.23 |          63.29 |          56.58 |          60.04 
            293 |         550.97 |          64.06 |          57.05 |          60.61 
            294 |         542.50 |          62.87 |          56.78 |          60.17 
            295 |         569.72 |          63.66 |          56.33 |          60.45 
            296 |         511.01 |          62.91 |          56.69 |          60.44 
            297 |         543.26 |          64.63 |          56.88 |          61.50 
            298 |         548.57 |          63.28 |          57.32 |          60.79 
            299 |         534.54 |          63.32 |          56.49 |          61.64 
            300 |         526.83 |          63.19 |          57.11 |          61.06 
            301 |         520.24 |          63.46 |          57.67 |          61.15 
            302 |         577.55 |          62.55 |          57.12 |          60.80 
            303 |         566.41 |          63.43 |          56.98 |          60.60 
            304 |         539.78 |          64.05 |          57.30 |          61.35 
            305 |         518.64 |          64.18 |          57.12 |          61.34 
            306 |         541.27 |          65.17 |          57.16 |          60.86 
            307 |         501.49 |          64.38 |          57.13 |          62.03 
            308 |         499.91 |          64.05 |          56.94 |          61.22 
            309 |         515.67 |          63.47 |          55.60 |          60.14 
            310 |         580.74 |          62.87 |          56.74 |          60.76 
            311 |         519.92 |          63.83 |          57.31 |          61.22 
            312 |         519.83 |          64.91 |          56.59 |          60.61 
            313 |         516.01 |          64.41 |          57.56 |          61.22 
            314 |         502.95 |          64.22 |          57.45 |          61.20 
            315 |         510.74 |          63.55 |          57.28 |          61.48 
            316 |         518.53 |          64.60 |          56.46 |          61.11 
            317 |         584.61 |          64.42 |          57.69 |          61.61 
            318 |         512.55 |          63.99 |          55.88 |          60.13 
            319 |         556.12 |          64.70 |          57.92 |          61.23 
            320 |         525.85 |          63.13 |          56.64 |          59.84 
            321 |         550.26 |          62.40 |          56.30 |          59.71 
            322 |         546.70 |          63.75 |          56.88 |          60.38 
            323 |         540.64 |          63.81 |          57.38 |          60.79 
            324 |         556.75 |          64.10 |          56.95 |          60.27 
            325 |         566.26 |          64.62 |          56.97 |          61.14 
            326 |         561.71 |          64.03 |          56.89 |          61.06 
            327 |         590.63 |          63.86 |          56.48 |          60.95 
            328 |         588.45 |          64.64 |          58.81 |          61.40 
            329 |         532.38 |          64.64 |          58.16 |          61.44 
            330 |         549.73 |          64.98 |          57.61 |          62.30 
            331 |         553.36 |          65.30 |          57.76 |          61.34 
            332 |         575.69 |          66.26 |          57.34 |          61.48 
            333 |         571.32 |          64.78 |          57.74 |          61.79 
            334 |         516.05 |          64.33 |          56.69 |          60.44 
            335 |         509.40 |          64.87 |          58.13 |          60.83 
            336 |         525.09 |          65.22 |          57.44 |          61.85 
            337 |         472.81 |          65.20 |          57.30 |          62.14 
            338 |         611.84 |          65.20 |          58.13 |          62.08 
            339 |         570.60 |          65.57 |          57.16 |          62.31 
            340 |         540.66 |          65.84 |          58.06 |          62.02 
            341 |         471.93 |          65.42 |          57.88 |          62.01 
            342 |         543.89 |          66.17 |          58.12 |          61.68 
            343 |         503.59 |          64.91 |          57.78 |          61.18 
            344 |         551.71 |          66.12 |          58.09 |          61.50 
            345 |         576.29 |          65.56 |          58.48 |          61.54 
            346 |         509.57 |          65.03 |          56.84 |          60.78 
            347 |         522.54 |          65.52 |          58.18 |          61.82 
            348 |         501.09 |          65.41 |          57.73 |          61.52 
            349 |         529.72 |          64.81 |          56.77 |          61.06 
            350 |         587.11 |          65.67 |          57.91 |          61.18 
            351 |         530.63 |          65.29 |          57.82 |          61.32 
            352 |         544.77 |          65.96 |          58.07 |          62.00 
            353 |         522.49 |          65.98 |          57.83 |          61.78 
            354 |         515.61 |          65.07 |          57.58 |          61.26 
            355 |         554.07 |          66.06 |          58.83 |          61.99 
            356 |         526.03 |          66.69 |          59.07 |          62.58 
            357 |         554.69 |          66.64 |          57.71 |          61.34 
            358 |         535.72 |          65.89 |          58.87 |          61.27 
            359 |         546.58 |          66.74 |          58.49 |          61.89 
            360 |         545.55 |          65.90 |          58.47 |          61.52 
            361 |         526.51 |          65.62 |          58.60 |          61.31 
            362 |         494.83 |          65.63 |          57.45 |          61.61 
            363 |         542.70 |          66.55 |          58.44 |          61.84 
            364 |         516.41 |          66.02 |          58.53 |          61.72 
            365 |         594.45 |          67.02 |          58.25 |          61.32 
            366 |         541.45 |          65.91 |          58.26 |          61.40 
            367 |         526.65 |          66.37 |          58.50 |          61.43 
            368 |         534.35 |          66.40 |          58.44 |          62.55 
            369 |         496.37 |          65.98 |          56.37 |          61.00 
            370 |         511.25 |          66.54 |          57.16 |          60.90 
            371 |         595.76 |          66.14 |          58.15 |          61.50 
            372 |         558.18 |          67.12 |          59.38 |          62.37 
            373 |         488.12 |          65.47 |          57.01 |          60.37 
            374 |         547.98 |          66.14 |          57.86 |          60.74 
            375 |         524.30 |          66.30 |          57.74 |          61.42 
            376 |         553.85 |          66.17 |          57.39 |          60.75 
            377 |         531.83 |          66.39 |          58.29 |          61.62 
            378 |         534.45 |          65.48 |          58.15 |          61.37 
            379 |         523.07 |          66.20 |          57.68 |          61.21 
            380 |         529.63 |          65.51 |          58.41 |          61.79 
            381 |         570.10 |          65.47 |          58.31 |          61.53 
            382 |         565.18 |          66.05 |          57.10 |          61.64 
            383 |         535.05 |          65.64 |          57.78 |          61.76 
            384 |         543.88 |          66.53 |          58.10 |          61.97 
            385 |         533.08 |          67.34 |          58.47 |          62.18 
            386 |         492.79 |          66.77 |          58.48 |          62.25 
            387 |         498.71 |          65.35 |          59.08 |          61.40 
            388 |         545.98 |          65.47 |          57.60 |          61.61 
            389 |         506.44 |          66.04 |          58.88 |          61.96 
            390 |         465.86 |          67.22 |          58.90 |          62.95 
            391 |         493.38 |          67.18 |          58.98 |          63.25 
            392 |         508.82 |          66.67 |          57.87 |          61.42 
            393 |         522.09 |          67.48 |          59.12 |          62.83 
            394 |         490.19 |          66.99 |          58.31 |          63.57 
            395 |         528.89 |          67.41 |          58.75 |          63.16 
            396 |         541.13 |          67.34 |          59.14 |          62.88 
            397 |         506.97 |          67.47 |          58.66 |          62.62 
            398 |         508.72 |          66.93 |          58.12 |          62.07 
            399 |         498.52 |          67.68 |          57.88 |          61.49 
            400 |         542.23 |          67.49 |          58.61 |          62.81 
            401 |         516.87 |          67.71 |          59.10 |          62.68 
            402 |         539.33 |          67.41 |          58.07 |          61.22 
            403 |         489.31 |          67.54 |          58.52 |          61.99 
            404 |         524.50 |          67.39 |          59.29 |          62.77 
            405 |         520.50 |          67.44 |          58.88 |          63.48 
            406 |         524.31 |          67.92 |          58.63 |          62.53 
            407 |         520.40 |          66.62 |          58.10 |          61.75 
            408 |         546.77 |          67.34 |          58.80 |          62.80 
            409 |         543.42 |          67.08 |          58.69 |          61.89 
            410 |         537.95 |          66.88 |          59.38 |          61.71 
            411 |         509.41 |          66.75 |          58.82 |          62.04 
            412 |         508.56 |          67.21 |          59.27 |          62.23 
            413 |         472.37 |          67.19 |          59.72 |          62.15 
            414 |         476.72 |          66.81 |          58.69 |          62.11 
            415 |         494.37 |          67.39 |          59.19 |          62.56 
            416 |         519.43 |          68.19 |          60.12 |          62.64 
            417 |         552.54 |          67.96 |          59.51 |          62.68 
            418 |         522.45 |          68.48 |          60.16 |          62.68 
            419 |         474.69 |          67.93 |          60.15 |          62.75 
            420 |         468.53 |          67.35 |          60.21 |          62.75 
            421 |         529.30 |          67.73 |          59.60 |          62.52 
            422 |         484.69 |          67.50 |          59.47 |          62.66 
            423 |         502.73 |          68.38 |          59.40 |          62.09 
            424 |         552.03 |          67.75 |          59.37 |          62.53 
            425 |         480.47 |          66.85 |          58.88 |          62.34 
            426 |         494.85 |          68.02 |          59.58 |          62.54 
            427 |         524.76 |          67.24 |          59.35 |          61.76 
            428 |         517.94 |          68.35 |          59.46 |          62.84 
            429 |         510.30 |          68.69 |          59.94 |          63.03 
            430 |         523.08 |          68.24 |          60.05 |          63.27 
            431 |         527.08 |          68.09 |          60.32 |          62.48 
            432 |         465.27 |          68.48 |          60.27 |          61.70 
            433 |         474.63 |          68.10 |          59.36 |          62.05 
            434 |         515.56 |          68.75 |          60.40 |          62.81 
            435 |         469.87 |          68.82 |          60.13 |          62.89 
            436 |         442.77 |          68.78 |          59.32 |          62.05 
            437 |         540.78 |          68.78 |          59.46 |          61.42 
            438 |         497.69 |          68.11 |          58.79 |          61.27 
            439 |         557.53 |          67.98 |          59.35 |          61.89 
            440 |         487.07 |          68.27 |          59.70 |          61.76 
            441 |         541.06 |          68.52 |          59.92 |          61.94 
            442 |         567.06 |          68.68 |          59.73 |          61.96 
            443 |         511.19 |          68.68 |          59.72 |          61.72 
            444 |         514.97 |          69.03 |          60.01 |          62.04 
            445 |         571.76 |          69.33 |          60.63 |          63.17 
            446 |         494.81 |          69.01 |          60.42 |          62.53 
            447 |         546.62 |          68.26 |          60.99 |          62.72 
            448 |         468.12 |          68.27 |          58.73 |          61.96 
            449 |         523.60 |          68.33 |          59.97 |          62.01 
            450 |         562.95 |          68.13 |          59.27 |          62.47 
            451 |         483.43 |          67.98 |          59.57 |          62.52 
            452 |         503.76 |          68.03 |          59.62 |          62.09 
            453 |         516.89 |          69.01 |          60.20 |          63.08 
            454 |         555.19 |          68.51 |          59.96 |          62.67 
            455 |         536.71 |          68.50 |          59.74 |          62.71 
            456 |         461.47 |          68.64 |          60.00 |          62.58 
            457 |         492.99 |          68.64 |          59.66 |          62.61 
            458 |         534.31 |          68.18 |          59.96 |          62.63 
            459 |         498.80 |          68.57 |          60.41 |          62.78 
            460 |         539.20 |          67.31 |          60.32 |          62.36 
            461 |         483.29 |          67.82 |          60.24 |          62.90 
            462 |         524.38 |          68.36 |          59.41 |          62.44 
            463 |         496.16 |          68.50 |          59.25 |          62.86 
            464 |         542.78 |          68.64 |          59.26 |          62.83 
            465 |         498.62 |          68.41 |          60.17 |          63.59 
            466 |         506.83 |          68.35 |          59.39 |          63.19 
            467 |         517.05 |          68.45 |          59.43 |          63.01 
            468 |         546.94 |          67.66 |          59.97 |          62.87 
            469 |         491.27 |          67.82 |          59.81 |          62.89 
            470 |         496.57 |          68.64 |          59.64 |          63.31 
            471 |         495.68 |          68.73 |          59.30 |          62.38 
            472 |         500.20 |          68.51 |          60.22 |          63.25 
            473 |         533.00 |          68.61 |          59.66 |          62.88 
            474 |         494.86 |          68.72 |          59.44 |          62.85 
            475 |         535.80 |          68.20 |          60.58 |          63.14 
            476 |         492.61 |          69.16 |          60.10 |          63.10 
            477 |         497.83 |          69.05 |          59.35 |          62.72 
            478 |         516.14 |          69.47 |          59.73 |          63.39 
            479 |         494.95 |          68.84 |          59.59 |          62.90 
            480 |         558.50 |          69.51 |          59.74 |          63.35 
            481 |         514.79 |          68.47 |          59.62 |          62.30 
            482 |         484.69 |          68.94 |          59.50 |          62.37 
            483 |         487.02 |          69.34 |          60.04 |          63.09 
            484 |         473.84 |          69.31 |          59.92 |          62.98 
            485 |         499.19 |          68.88 |          58.87 |          62.68 
            486 |         473.67 |          68.61 |          59.92 |          62.73 
            487 |         491.29 |          68.85 |          60.42 |          62.93 
            488 |         511.58 |          69.12 |          60.48 |          62.54 
            489 |         490.95 |          69.62 |          60.71 |          63.92 
            490 |         508.23 |          68.25 |          60.95 |          63.24 
            491 |         475.62 |          68.55 |          60.86 |          63.16 
            492 |         522.60 |          68.85 |          60.13 |          63.62 
            493 |         501.06 |          69.15 |          60.58 |          63.42 
            494 |         500.82 |          69.49 |          60.17 |          63.39 
            495 |         473.57 |          69.26 |          59.94 |          63.30 
            496 |         502.00 |          68.80 |          59.98 |          62.79 
            497 |         469.34 |          68.87 |          60.00 |          63.18 
            498 |         526.43 |          69.31 |          59.55 |          62.91 
            499 |         505.58 |          68.81 |          60.09 |          62.38 
            500 |         523.08 |          69.47 |          60.52 |          63.77 
            501 |         464.26 |          69.87 |          60.99 |          63.95 
            502 |         491.15 |          70.01 |          61.01 |          63.69 
            503 |         446.92 |          70.34 |          60.78 |          63.94 
            504 |         497.79 |          70.62 |          60.84 |          64.48 
            505 |         515.34 |          70.23 |          61.14 |          64.02 
            506 |         437.00 |          69.81 |          60.51 |          63.90 
            507 |         502.41 |          70.16 |          60.77 |          64.02 
            508 |         496.85 |          69.59 |          60.15 |          63.44 
            509 |         531.09 |          70.11 |          60.41 |          64.02 
            510 |         490.17 |          70.16 |          60.55 |          64.04 
            511 |         498.87 |          69.67 |          60.53 |          64.03 
            512 |         445.95 |          70.58 |          60.95 |          64.34 
            513 |         454.58 |          69.88 |          60.61 |          64.09 
            514 |         537.63 |          70.08 |          60.61 |          63.84 
            515 |         505.46 |          69.92 |          60.26 |          63.69 
            516 |         504.53 |          69.53 |          60.72 |          63.67 
            517 |         510.06 |          69.53 |          60.84 |          63.31 
            518 |         454.75 |          69.66 |          60.77 |          63.97 
            519 |         443.40 |          69.61 |          60.99 |          63.89 
            520 |         479.41 |          69.44 |          60.38 |          64.50 
            521 |         445.17 |          69.70 |          60.67 |          64.32 
            522 |         470.71 |          69.84 |          60.32 |          64.32 
            523 |         507.88 |          69.86 |          60.79 |          64.03 
            524 |         449.41 |          70.17 |          60.66 |          64.04 
            525 |         518.64 |          70.32 |          60.86 |          63.94 
            526 |         482.18 |          69.80 |          61.05 |          63.68 
            527 |         425.25 |          69.75 |          61.15 |          64.06 
            528 |         473.75 |          70.44 |          61.00 |          64.08 
            529 |         468.72 |          70.33 |          61.09 |          64.61 
            530 |         477.83 |          70.26 |          61.62 |          64.58 
            531 |         461.68 |          70.25 |          61.16 |          64.45 
            532 |         457.66 |          70.36 |          61.02 |          64.01 
            533 |         463.86 |          70.28 |          60.70 |          64.44 
            534 |         472.48 |          69.81 |          60.78 |          63.87 
            535 |         484.35 |          69.88 |          61.45 |          64.07 
            536 |         526.26 |          69.74 |          60.55 |          64.18 
            537 |         456.52 |          69.97 |          61.22 |          64.01 
            538 |         525.47 |          70.31 |          61.06 |          64.45 
            539 |         483.99 |          70.31 |          61.54 |          63.98 
            540 |         441.17 |          70.01 |          61.01 |          63.94 
            541 |         463.51 |          70.39 |          61.07 |          64.63 
            542 |         501.78 |          70.17 |          61.47 |          64.44 
            543 |         485.11 |          70.43 |          61.50 |          64.34 
            544 |         513.04 |          70.91 |          61.16 |          64.57 
            545 |         500.97 |          70.75 |          60.82 |          64.82 
            546 |         475.04 |          70.97 |          60.65 |          64.63 
            547 |         469.46 |          71.15 |          60.98 |          64.59 
            548 |         478.40 |          71.07 |          60.57 |          64.20 
            549 |         507.54 |          71.15 |          61.65 |          64.50 
            550 |         534.89 |          70.56 |          61.34 |          64.49 
            551 |         457.75 |          71.50 |          61.61 |          64.22 
            552 |         489.59 |          70.52 |          61.21 |          63.89 
            553 |         498.13 |          70.87 |          62.25 |          64.46 
            554 |         515.39 |          71.35 |          61.35 |          64.52 
            555 |         518.29 |          71.16 |          61.59 |          64.13 
            556 |         434.90 |          71.01 |          61.87 |          63.87 
            557 |         478.37 |          71.28 |          61.52 |          64.42 
            558 |         451.49 |          71.38 |          60.62 |          64.22 
            559 |         499.47 |          71.60 |          60.60 |          64.76 
            560 |         492.80 |          71.21 |          62.02 |          64.70 
            561 |         429.86 |          70.50 |          60.30 |          64.37 
            562 |         461.84 |          71.42 |          61.69 |          64.82 
            563 |         507.48 |          71.45 |          61.58 |          64.49 
            564 |         516.74 |          71.40 |          62.18 |          64.45 
            565 |         557.47 |          70.54 |          61.65 |          64.67 
            566 |         467.51 |          70.74 |          61.70 |          64.68 
            567 |         503.85 |          70.84 |          62.01 |          64.11 
            568 |         485.03 |          71.09 |          62.05 |          64.13 